epoch	loss	psnr	ssim	time_s	lr	crop_mode	crop_size
0	0.033186	19.637036	0.695792	2.47	0.00020000	progressive	96x192
1	0.017254	19.480315	0.703883	0.83	0.00020000	progressive	96x192
2	0.011822	22.584039	0.720151	0.83	0.00019999	progressive	96x192
3	0.011856	20.634826	0.724770	0.83	0.00019998	progressive	96x192
4	0.009849	24.033506	0.744772	0.84	0.00019997	progressive	96x192
5	0.009844	24.161087	0.740518	0.83	0.00019995	progressive	96x192
6	0.007757	23.222761	0.741932	0.84	0.00019993	progressive	96x192
7	0.008744	24.511318	0.750663	0.84	0.00019990	progressive	96x192
8	0.007534	25.391463	0.759170	0.84	0.00019987	progressive	96x192
9	0.007964	23.093604	0.755349	0.84	0.00019984	progressive	96x192
10	0.006843	25.106046	0.767747	0.84	0.00019980	progressive	96x192
11	0.008502	20.691519	0.739466	0.85	0.00019976	progressive	96x192
12	0.006405	26.058332	0.772881	0.83	0.00019972	progressive	96x192
13	0.006093	25.188277	0.774502	0.84	0.00019967	progressive	96x192
14	0.006900	24.673208	0.779415	0.83	0.00019961	progressive	96x192
15	0.006772	26.641253	0.788345	0.83	0.00019956	progressive	96x192
16	0.005829	27.017352	0.790570	0.84	0.00019950	progressive	96x192
17	0.006662	26.593305	0.788653	0.84	0.00019943	progressive	96x192
18	0.006690	20.189391	0.766737	0.84	0.00019936	progressive	96x192
19	0.006745	23.710875	0.794147	0.84	0.00019929	progressive	96x192
20	0.005719	23.531357	0.791152	0.85	0.00019921	progressive	96x192
21	0.006321	22.211807	0.784199	0.84	0.00019913	progressive	96x192
22	0.005827	25.585966	0.807952	0.84	0.00019905	progressive	96x192
23	0.005249	27.367797	0.807565	0.84	0.00019896	progressive	96x192
24	0.004776	25.192429	0.811147	0.84	0.00019887	progressive	96x192
25	0.004978	28.492419	0.825360	0.84	0.00019877	progressive	96x192
26	0.004802	27.067780	0.820048	0.85	0.00019867	progressive	96x192
27	0.004443	28.072805	0.826469	0.84	0.00019857	progressive	96x192
28	0.004826	26.420563	0.819591	0.84	0.00019846	progressive	96x192
29	0.005518	25.729985	0.821969	0.84	0.00019835	progressive	96x192
30	0.004576	28.345853	0.831561	0.84	0.00019823	progressive	96x192
31	0.003945	27.916879	0.832785	0.84	0.00019811	progressive	96x192
32	0.006535	25.992147	0.824165	0.84	0.00019799	progressive	96x192
33	0.004420	28.403809	0.832520	0.85	0.00019786	progressive	96x192
34	0.003908	28.434858	0.834491	0.84	0.00019773	progressive	96x192
35	0.003749	27.558840	0.832931	0.84	0.00019759	progressive	96x192
36	0.004686	28.604843	0.836250	0.85	0.00019746	progressive	96x192
37	0.003772	28.199885	0.837620	0.85	0.00019731	progressive	96x192
38	0.004643	27.068377	0.840851	0.85	0.00019717	progressive	96x192
39	0.004476	27.855563	0.836570	0.83	0.00019702	progressive	96x192
40	0.004749	27.577172	0.837220	0.84	0.00019686	progressive	96x192
41	0.004286	27.233229	0.839571	0.85	0.00019670	progressive	96x192
42	0.004707	25.047386	0.829964	0.84	0.00019654	progressive	96x192
43	0.004277	27.970436	0.838474	0.85	0.00019638	progressive	96x192
44	0.003877	28.599188	0.842478	0.84	0.00019621	progressive	96x192
45	0.003870	27.986653	0.842399	0.84	0.00019603	progressive	96x192
46	0.004300	23.845624	0.837359	0.85	0.00019586	progressive	96x192
47	0.003487	28.439600	0.843954	0.84	0.00019568	progressive	96x192
48	0.003524	29.381727	0.844192	0.84	0.00019549	progressive	96x192
49	0.003568	27.990242	0.844338	0.84	0.00019530	progressive	96x192
50	0.003771	28.961136	0.846107	1.00	0.00019511	progressive	96x192
51	0.003552	29.441628	0.847699	0.85	0.00019491	progressive	96x192
52	0.003674	28.088021	0.845033	0.84	0.00019472	progressive	96x192
53	0.004260	26.971905	0.843967	0.84	0.00019451	progressive	96x192
54	0.003726	25.597811	0.838953	0.84	0.00019431	progressive	96x192
55	0.003873	27.103440	0.843619	0.84	0.00019409	progressive	96x192
56	0.003375	29.429807	0.851092	0.84	0.00019388	progressive	96x192
57	0.003401	27.681215	0.841722	0.84	0.00019366	progressive	96x192
58	0.003397	28.942559	0.847866	0.85	0.00019344	progressive	96x192
59	0.003508	28.607493	0.849891	0.84	0.00019321	progressive	96x192
60	0.004608	25.899151	0.830478	0.84	0.00019299	progressive	96x192
61	0.003554	26.111697	0.846386	0.85	0.00019275	progressive	96x192
62	0.003961	26.383928	0.839147	0.84	0.00019252	progressive	96x192
63	0.003485	28.506187	0.845333	0.85	0.00019228	progressive	96x192
64	0.003110	29.214111	0.849220	0.84	0.00019203	progressive	96x192
65	0.003263	29.185599	0.849590	0.85	0.00019178	progressive	96x192
66	0.003135	27.450438	0.845438	0.84	0.00019153	progressive	96x192
67	0.003303	29.395639	0.852204	0.85	0.00019128	progressive	96x192
68	0.003458	28.679767	0.849416	0.85	0.00019102	progressive	96x192
69	0.003278	26.907617	0.847076	0.84	0.00019076	progressive	96x192
70	0.003237	29.385137	0.854194	0.84	0.00019049	progressive	96x192
71	0.002861	26.511373	0.848549	0.84	0.00019022	progressive	96x192
72	0.002798	28.847287	0.849377	0.85	0.00018995	progressive	96x192
73	0.002933	28.729713	0.849592	0.85	0.00018968	progressive	96x192
74	0.002732	29.105693	0.855655	0.84	0.00018940	progressive	96x192
75	0.003245	28.627325	0.850347	0.86	0.00018911	progressive	96x192
76	0.002954	28.086582	0.853500	0.85	0.00018883	progressive	96x192
77	0.002886	29.025838	0.854285	0.84	0.00018854	progressive	96x192
78	0.003085	28.494309	0.851743	0.84	0.00018824	progressive	96x192
79	0.003179	28.681570	0.851966	0.84	0.00018794	progressive	96x192
80	0.002946	29.460854	0.853744	0.83	0.00018764	progressive	96x192
81	0.002982	29.194199	0.859113	0.84	0.00018734	progressive	96x192
82	0.003070	27.961375	0.854596	0.84	0.00018703	progressive	96x192
83	0.003102	29.508799	0.860454	0.84	0.00018672	progressive	96x192
84	0.003222	24.828651	0.848806	0.84	0.00018641	progressive	96x192
85	0.003524	29.836560	0.858958	0.84	0.00018609	progressive	96x192
86	0.003150	27.655583	0.855263	0.84	0.00018577	progressive	96x192
87	0.002739	26.871237	0.855006	0.84	0.00018544	progressive	96x192
88	0.002770	29.597747	0.859017	0.84	0.00018512	progressive	96x192
89	0.003388	25.091443	0.846572	0.85	0.00018478	progressive	96x192
90	0.002899	27.459025	0.854470	0.85	0.00018445	progressive	96x192
91	0.003091	29.618336	0.856913	0.84	0.00018411	progressive	96x192
92	0.002939	28.434996	0.856849	0.85	0.00018377	progressive	96x192
93	0.003137	27.870711	0.860877	0.84	0.00018343	progressive	96x192
94	0.002884	27.623651	0.860201	0.84	0.00018308	progressive	96x192
95	0.003240	29.263530	0.860704	0.84	0.00018273	progressive	96x192
96	0.002584	26.911469	0.853929	0.84	0.00018237	progressive	96x192
97	0.002669	29.288480	0.863658	0.83	0.00018202	progressive	96x192
98	0.002908	29.186950	0.864096	0.84	0.00018165	progressive	96x192
99	0.003197	26.990021	0.857370	0.83	0.00018129	progressive	96x192
100	0.003055	29.048102	0.862717	0.96	0.00018092	progressive	96x192
101	0.003130	27.879840	0.856616	0.84	0.00018055	progressive	96x192
102	0.003077	26.526223	0.858891	0.84	0.00018018	progressive	96x192
103	0.002778	29.366350	0.863127	0.84	0.00017980	progressive	96x192
104	0.002449	28.194690	0.865638	0.84	0.00017942	progressive	96x192
105	0.002580	29.002744	0.868139	0.84	0.00017904	progressive	96x192
106	0.002595	29.167805	0.865164	0.84	0.00017865	progressive	96x192
107	0.002820	29.661090	0.866184	0.84	0.00017826	progressive	96x192
108	0.003723	26.923987	0.861054	0.84	0.00017787	progressive	96x192
109	0.002526	29.899852	0.869615	0.85	0.00017748	progressive	96x192
110	0.002435	29.324045	0.869758	0.84	0.00017708	progressive	96x192
111	0.002264	30.602221	0.871675	0.84	0.00017668	progressive	96x192
112	0.002301	29.973043	0.871187	0.85	0.00017627	progressive	96x192
113	0.002590	29.503588	0.869985	0.85	0.00017586	progressive	96x192
114	0.002525	29.149660	0.868823	0.85	0.00017545	progressive	96x192
115	0.002425	29.721935	0.872592	0.84	0.00017504	progressive	96x192
116	0.002394	29.731125	0.872224	0.84	0.00017462	progressive	96x192
117	0.002376	26.438871	0.865629	0.85	0.00017420	progressive	96x192
118	0.002652	29.072061	0.863392	0.83	0.00017378	progressive	96x192
119	0.002900	28.956297	0.869487	0.83	0.00017336	progressive	96x192
120	0.002303	30.240845	0.868932	0.84	0.00017293	progressive	96x192
121	0.002510	30.358329	0.871947	0.84	0.00017250	progressive	96x192
122	0.002445	29.562425	0.870952	0.84	0.00017206	progressive	96x192
123	0.002725	28.095725	0.871903	0.84	0.00017163	progressive	96x192
124	0.002670	30.116131	0.872643	0.85	0.00017119	progressive	96x192
125	0.002355	28.957684	0.872347	0.83	0.00017075	progressive	96x192
126	0.002297	30.460092	0.877154	0.85	0.00017030	progressive	96x192
127	0.002447	29.339886	0.874051	0.84	0.00016985	progressive	96x192
128	0.002349	29.749091	0.874898	0.83	0.00016940	progressive	96x192
129	0.002695	29.018961	0.874108	0.84	0.00016895	progressive	96x192
130	0.002159	27.857545	0.869672	0.84	0.00016849	progressive	96x192
131	0.002266	29.545599	0.873568	0.83	0.00016803	progressive	96x192
132	0.002471	29.789499	0.874723	0.83	0.00016757	progressive	96x192
133	0.002195	29.986883	0.871672	0.84	0.00016711	progressive	96x192
134	0.002290	30.074854	0.876127	0.84	0.00016664	progressive	96x192
135	0.002102	29.173906	0.875901	0.84	0.00016617	progressive	96x192
136	0.002212	27.513578	0.871973	0.85	0.00016570	progressive	96x192
137	0.002332	28.069587	0.874289	0.84	0.00016523	progressive	96x192
138	0.002658	27.504859	0.865924	0.84	0.00016475	progressive	96x192
139	0.002321	29.762205	0.875194	0.83	0.00016427	progressive	96x192
140	0.002227	29.887219	0.874009	0.84	0.00016379	progressive	96x192
141	0.002530	30.266263	0.878790	0.85	0.00016330	progressive	96x192
142	0.002353	29.925340	0.880199	0.84	0.00016282	progressive	96x192
143	0.002698	29.320341	0.878709	0.83	0.00016233	progressive	96x192
144	0.002226	29.506097	0.879968	0.84	0.00016184	progressive	96x192
145	0.002106	30.552877	0.881326	0.84	0.00016134	progressive	96x192
146	0.002134	28.828461	0.875234	0.84	0.00016084	progressive	96x192
147	0.001942	30.642087	0.880969	0.83	0.00016034	progressive	96x192
148	0.002178	28.306455	0.878853	0.84	0.00015984	progressive	96x192
149	0.002457	29.033546	0.878095	0.84	0.00015934	progressive	96x192
150	0.002246	29.597147	0.877748	1.00	0.00015883	progressive	192x384
151	0.002205	30.575402	0.882081	0.84	0.00015832	progressive	192x384
152	0.002040	28.758565	0.872432	0.84	0.00015781	progressive	192x384
153	0.002280	29.135391	0.878155	0.85	0.00015730	progressive	192x384
154	0.001892	30.579050	0.882517	0.84	0.00015678	progressive	192x384
155	0.002154	30.152966	0.877794	0.83	0.00015627	progressive	192x384
156	0.002233	30.325110	0.879404	0.83	0.00015575	progressive	192x384
157	0.002094	30.077461	0.882517	0.85	0.00015522	progressive	192x384
158	0.002159	30.701459	0.879604	0.84	0.00015470	progressive	192x384
159	0.002333	29.694063	0.882805	0.84	0.00015417	progressive	192x384
160	0.002591	29.461166	0.877879	0.84	0.00015365	progressive	192x384
161	0.002037	28.313474	0.867995	0.85	0.00015311	progressive	192x384
162	0.002072	29.521753	0.875486	0.85	0.00015258	progressive	192x384
163	0.002170	30.579415	0.879883	0.85	0.00015205	progressive	192x384
164	0.002143	29.442500	0.881319	0.84	0.00015151	progressive	192x384
165	0.002571	27.098024	0.874656	0.85	0.00015097	progressive	192x384
166	0.002157	30.501176	0.884105	0.84	0.00015043	progressive	192x384
167	0.002085	30.721347	0.882473	0.86	0.00014989	progressive	192x384
168	0.002327	30.642394	0.884951	0.84	0.00014934	progressive	192x384
169	0.002024	28.805141	0.881629	0.84	0.00014880	progressive	192x384
170	0.001906	30.555312	0.883967	0.85	0.00014825	progressive	192x384
171	0.001859	26.951441	0.880917	0.84	0.00014770	progressive	192x384
172	0.002392	28.523737	0.881818	0.84	0.00014714	progressive	192x384
173	0.002394	29.632129	0.882580	0.85	0.00014659	progressive	192x384
174	0.002188	29.761688	0.884299	0.85	0.00014603	progressive	192x384
175	0.002062	30.620083	0.885924	0.85	0.00014548	progressive	192x384
176	0.002071	29.557650	0.881986	0.85	0.00014492	progressive	192x384
177	0.002092	30.082121	0.885546	0.84	0.00014436	progressive	192x384
178	0.001855	27.499192	0.881670	0.84	0.00014379	progressive	192x384
179	0.002125	29.431790	0.880193	0.84	0.00014323	progressive	192x384
180	0.002198	31.190147	0.889002	0.84	0.00014266	progressive	192x384
181	0.002136	28.818883	0.884524	0.85	0.00014209	progressive	192x384
182	0.002400	30.946063	0.885911	0.85	0.00014152	progressive	192x384
183	0.002170	28.849053	0.878944	0.85	0.00014095	progressive	192x384
184	0.002324	30.570913	0.883123	0.83	0.00014038	progressive	192x384
185	0.002059	29.057596	0.877113	0.84	0.00013980	progressive	192x384
186	0.002573	30.609826	0.878233	0.85	0.00013923	progressive	192x384
187	0.001986	29.230735	0.880158	0.85	0.00013865	progressive	192x384
188	0.001810	30.358132	0.883907	0.83	0.00013807	progressive	192x384
189	0.002022	29.976172	0.882983	0.84	0.00013749	progressive	192x384
190	0.001776	30.788374	0.885541	0.85	0.00013691	progressive	192x384
191	0.002174	28.819248	0.880038	0.84	0.00013632	progressive	192x384
192	0.002128	29.550603	0.882765	0.84	0.00013574	progressive	192x384
193	0.001968	30.425708	0.888511	0.85	0.00013515	progressive	192x384
194	0.001812	29.659040	0.886897	0.84	0.00013456	progressive	192x384
195	0.001805	30.100936	0.883836	0.84	0.00013397	progressive	192x384
196	0.002094	29.408989	0.885323	0.84	0.00013338	progressive	192x384
197	0.002057	30.166080	0.888462	0.84	0.00013279	progressive	192x384
198	0.001874	28.138774	0.882700	0.84	0.00013220	progressive	192x384
199	0.002060	30.034739	0.881765	0.85	0.00013160	progressive	192x384
200	0.002036	31.036746	0.887954	0.96	0.00013101	progressive	192x384
201	0.001973	29.147557	0.880943	0.83	0.00013041	progressive	192x384
202	0.001948	30.420709	0.889841	0.83	0.00012981	progressive	192x384
203	0.002106	29.753541	0.883964	0.84	0.00012921	progressive	192x384
204	0.002182	29.758553	0.887343	0.84	0.00012861	progressive	192x384
205	0.002054	30.044570	0.884745	0.83	0.00012801	progressive	192x384
206	0.001970	30.345555	0.888820	0.83	0.00012741	progressive	192x384
207	0.001712	30.506198	0.887360	0.84	0.00012681	progressive	192x384
208	0.001885	30.320715	0.884387	0.84	0.00012620	progressive	192x384
209	0.001803	30.874612	0.889301	0.84	0.00012560	progressive	192x384
210	0.001865	30.154178	0.886488	0.83	0.00012499	progressive	192x384
211	0.001939	30.588876	0.887502	0.85	0.00012438	progressive	192x384
212	0.001828	30.774266	0.889248	0.84	0.00012377	progressive	192x384
213	0.001729	30.612636	0.889669	0.83	0.00012316	progressive	192x384
214	0.002070	30.956819	0.890284	0.84	0.00012255	progressive	192x384
215	0.001730	30.683293	0.888776	0.84	0.00012194	progressive	192x384
216	0.001866	28.535839	0.888301	0.84	0.00012133	progressive	192x384
217	0.002117	30.358260	0.887198	0.85	0.00012072	progressive	192x384
218	0.001664	30.795991	0.887488	0.84	0.00012010	progressive	192x384
219	0.001709	29.070356	0.877004	0.84	0.00011949	progressive	192x384
220	0.001944	30.973573	0.889832	0.84	0.00011887	progressive	192x384
221	0.001901	30.954490	0.888913	0.83	0.00011826	progressive	192x384
222	0.001918	30.584394	0.890035	0.85	0.00011764	progressive	192x384
223	0.001950	29.720250	0.888011	0.85	0.00011702	progressive	192x384
224	0.001993	29.099167	0.883611	0.83	0.00011641	progressive	192x384
225	0.001983	28.989285	0.887852	0.84	0.00011579	progressive	192x384
226	0.001988	29.183830	0.889338	0.84	0.00011517	progressive	192x384
227	0.001893	31.066800	0.889447	0.83	0.00011455	progressive	192x384
228	0.001848	29.671758	0.889522	0.85	0.00011393	progressive	192x384
229	0.001974	30.427427	0.887713	0.83	0.00011331	progressive	192x384
230	0.001894	28.993131	0.886647	0.83	0.00011268	progressive	192x384
231	0.002014	30.676081	0.889280	0.83	0.00011206	progressive	192x384
232	0.001672	30.639080	0.887639	0.84	0.00011144	progressive	192x384
233	0.001753	31.261118	0.892474	0.84	0.00011082	progressive	192x384
234	0.001691	30.507056	0.890138	0.85	0.00011019	progressive	192x384
235	0.001608	31.338136	0.891387	0.84	0.00010957	progressive	192x384
236	0.001722	29.577750	0.892338	0.84	0.00010895	progressive	192x384
237	0.001673	29.737307	0.889769	0.85	0.00010832	progressive	192x384
238	0.001888	29.668959	0.890927	0.85	0.00010770	progressive	192x384
239	0.001869	30.866933	0.891568	0.84	0.00010707	progressive	192x384
240	0.001892	31.143772	0.891232	0.84	0.00010645	progressive	192x384
241	0.001719	30.053252	0.887331	0.84	0.00010582	progressive	192x384
242	0.001709	30.938208	0.892738	0.85	0.00010520	progressive	192x384
243	0.001809	29.560187	0.887655	0.85	0.00010457	progressive	192x384
244	0.001823	30.710449	0.886653	0.84	0.00010394	progressive	192x384
245	0.001845	29.997094	0.886077	0.84	0.00010332	progressive	192x384
246	0.001813	30.951531	0.892919	0.84	0.00010269	progressive	192x384
247	0.001750	30.725684	0.892937	0.84	0.00010207	progressive	192x384
248	0.001590	30.547009	0.892933	0.83	0.00010144	progressive	192x384
249	0.001782	30.795580	0.890455	0.84	0.00010081	progressive	192x384
250	0.001930	30.696450	0.888365	0.98	0.00010019	progressive	192x384
251	0.001719	30.356987	0.890097	0.83	0.00009956	progressive	192x384
252	0.001622	31.128901	0.892144	0.85	0.00009893	progressive	192x384
253	0.001598	30.734617	0.889722	0.84	0.00009831	progressive	192x384
254	0.001674	30.663911	0.890420	0.85	0.00009768	progressive	192x384
255	0.001633	29.897634	0.889768	0.85	0.00009706	progressive	192x384
256	0.001722	31.056830	0.893900	0.84	0.00009643	progressive	192x384
257	0.001690	31.289055	0.890693	0.84	0.00009580	progressive	192x384
258	0.001661	30.710438	0.890169	0.83	0.00009518	progressive	192x384
259	0.001701	30.654246	0.892592	0.84	0.00009455	progressive	192x384
260	0.001831	30.982470	0.893677	0.84	0.00009393	progressive	192x384
261	0.001834	30.695168	0.891967	0.85	0.00009330	progressive	192x384
262	0.001838	30.306442	0.893143	0.85	0.00009268	progressive	192x384
263	0.001650	31.141730	0.892954	0.85	0.00009205	progressive	192x384
264	0.001747	28.284413	0.888045	0.84	0.00009143	progressive	192x384
265	0.001842	30.580362	0.887901	0.84	0.00009081	progressive	192x384
266	0.001520	31.094783	0.894794	0.84	0.00009018	progressive	192x384
267	0.001742	30.878455	0.893020	0.84	0.00008956	progressive	192x384
268	0.001662	30.670095	0.891909	0.84	0.00008894	progressive	192x384
269	0.001906	30.739070	0.888777	0.85	0.00008832	progressive	192x384
270	0.001716	30.647950	0.893190	0.84	0.00008769	progressive	192x384
271	0.001683	31.438422	0.892756	0.85	0.00008707	progressive	192x384
272	0.001454	31.037944	0.893000	0.85	0.00008645	progressive	192x384
273	0.001609	30.996973	0.891772	0.84	0.00008583	progressive	192x384
274	0.001618	31.334253	0.891710	0.84	0.00008521	progressive	192x384
275	0.001702	30.328529	0.894373	0.85	0.00008459	progressive	192x384
276	0.001595	30.864064	0.892235	0.85	0.00008398	progressive	192x384
277	0.001821	31.163315	0.889504	0.84	0.00008336	progressive	192x384
278	0.001697	30.501161	0.889821	0.83	0.00008274	progressive	192x384
279	0.001595	31.478996	0.895701	0.84	0.00008213	progressive	192x384
280	0.001776	31.342122	0.893491	0.84	0.00008151	progressive	192x384
281	0.001583	29.749443	0.892641	0.83	0.00008090	progressive	192x384
282	0.001862	30.941777	0.891858	0.83	0.00008028	progressive	192x384
283	0.001631	31.255111	0.895213	0.83	0.00007967	progressive	192x384
284	0.001720	31.088118	0.891802	0.84	0.00007906	progressive	192x384
285	0.001714	30.778409	0.895585	0.84	0.00007845	progressive	192x384
286	0.001529	31.675204	0.894230	0.85	0.00007784	progressive	192x384
287	0.001421	31.493740	0.894920	0.85	0.00007723	progressive	192x384
288	0.001621	30.152882	0.895517	0.84	0.00007662	progressive	192x384
289	0.001695	30.960147	0.894129	0.84	0.00007601	progressive	192x384
290	0.001493	31.055772	0.894826	0.83	0.00007540	progressive	192x384
291	0.001524	30.220717	0.891348	0.85	0.00007480	progressive	192x384
292	0.001629	30.802766	0.894045	0.85	0.00007419	progressive	192x384
293	0.001663	31.487277	0.892575	0.84	0.00007359	progressive	192x384
294	0.001592	31.155786	0.894880	0.85	0.00007299	progressive	192x384
295	0.001591	31.785169	0.895897	0.85	0.00007239	progressive	192x384
296	0.001708	29.630962	0.895154	0.84	0.00007179	progressive	192x384
297	0.001692	31.381819	0.894810	0.85	0.00007119	progressive	192x384
298	0.001579	31.225542	0.891783	0.84	0.00007059	progressive	192x384
299	0.001591	30.844415	0.893477	0.84	0.00006999	progressive	192x384
300	0.001539	30.906910	0.892339	1.00	0.00006940	progressive	192x384
301	0.001618	30.208701	0.893184	0.85	0.00006880	progressive	192x384
302	0.001654	31.562870	0.896119	0.84	0.00006821	progressive	192x384
303	0.001456	31.454426	0.896030	0.84	0.00006762	progressive	192x384
304	0.001598	30.835067	0.891729	0.85	0.00006703	progressive	192x384
305	0.001596	31.682520	0.896556	0.84	0.00006644	progressive	192x384
306	0.001616	31.353279	0.893873	0.85	0.00006585	progressive	192x384
307	0.001621	31.335428	0.895161	0.84	0.00006526	progressive	192x384
308	0.001553	31.449255	0.894057	0.85	0.00006468	progressive	192x384
309	0.001614	29.207603	0.894908	0.83	0.00006409	progressive	192x384
310	0.001622	31.622874	0.894505	0.85	0.00006351	progressive	192x384
311	0.001557	30.247539	0.894957	0.84	0.00006293	progressive	192x384
312	0.001579	31.582982	0.896054	0.83	0.00006235	progressive	192x384
313	0.001860	31.391983	0.896705	0.84	0.00006177	progressive	192x384
314	0.001645	31.160411	0.894784	0.84	0.00006120	progressive	192x384
315	0.001599	31.227823	0.892546	0.84	0.00006062	progressive	192x384
316	0.001493	31.269224	0.893621	0.84	0.00006005	progressive	192x384
317	0.001516	31.252766	0.896946	0.84	0.00005948	progressive	192x384
318	0.001620	30.921350	0.896586	0.84	0.00005891	progressive	192x384
319	0.001625	31.476189	0.897074	0.85	0.00005834	progressive	192x384
320	0.001559	31.349095	0.896574	0.84	0.00005777	progressive	192x384
321	0.001513	31.041352	0.894606	0.83	0.00005721	progressive	192x384
322	0.001521	31.375325	0.894722	0.84	0.00005664	progressive	192x384
323	0.001496	30.516961	0.893475	0.84	0.00005608	progressive	192x384
324	0.001464	31.535436	0.898274	0.85	0.00005552	progressive	192x384
325	0.001507	32.056140	0.896480	0.85	0.00005497	progressive	192x384
326	0.001420	31.488549	0.895835	0.85	0.00005441	progressive	192x384
327	0.001469	31.360898	0.892561	0.85	0.00005386	progressive	192x384
328	0.001558	30.152788	0.889072	0.85	0.00005330	progressive	192x384
329	0.001762	31.013809	0.896819	0.84	0.00005275	progressive	192x384
330	0.001505	31.206538	0.896926	0.85	0.00005220	progressive	192x384
331	0.001500	30.872680	0.895588	0.83	0.00005166	progressive	192x384
332	0.001562	31.263605	0.897483	0.84	0.00005111	progressive	192x384
333	0.001471	31.063673	0.896163	0.84	0.00005057	progressive	192x384
334	0.001564	31.122490	0.895614	0.84	0.00005003	progressive	192x384
335	0.001494	31.612928	0.894822	0.84	0.00004949	progressive	192x384
336	0.001425	31.132458	0.894592	0.84	0.00004895	progressive	192x384
337	0.001563	31.267747	0.897040	0.85	0.00004842	progressive	192x384
338	0.001554	31.575403	0.897534	0.85	0.00004789	progressive	192x384
339	0.001570	31.964005	0.898484	0.84	0.00004735	progressive	192x384
340	0.001454	31.141899	0.895034	0.85	0.00004683	progressive	192x384
341	0.001543	30.987227	0.896034	0.84	0.00004630	progressive	192x384
342	0.001500	31.517048	0.898047	0.85	0.00004578	progressive	192x384
343	0.001451	31.450055	0.896989	0.84	0.00004525	progressive	192x384
344	0.001376	30.969286	0.897189	0.84	0.00004473	progressive	192x384
345	0.001494	31.023587	0.894842	0.84	0.00004422	progressive	192x384
346	0.001422	31.500965	0.897404	0.84	0.00004370	progressive	192x384
347	0.001452	31.310850	0.896642	0.84	0.00004319	progressive	192x384
348	0.001535	31.679864	0.898568	0.84	0.00004268	progressive	192x384
349	0.001511	31.774290	0.897178	0.84	0.00004217	progressive	192x384
350	0.001371	31.072394	0.897137	0.97	0.00004166	progressive	384x768
351	0.001499	30.688154	0.896124	0.85	0.00004116	progressive	384x768
352	0.001516	30.816938	0.894544	0.84	0.00004066	progressive	384x768
353	0.001412	31.554474	0.895706	0.84	0.00004016	progressive	384x768
354	0.001401	31.284083	0.897712	0.84	0.00003966	progressive	384x768
355	0.001512	31.545640	0.896335	0.85	0.00003916	progressive	384x768
356	0.001518	31.927722	0.899179	0.83	0.00003867	progressive	384x768
357	0.001503	30.333051	0.894117	0.84	0.00003818	progressive	384x768
358	0.001549	31.476389	0.896158	0.83	0.00003770	progressive	384x768
359	0.001603	31.177311	0.893874	0.83	0.00003721	progressive	384x768
360	0.001532	31.444519	0.894613	0.83	0.00003673	progressive	384x768
361	0.001527	29.916737	0.895619	0.83	0.00003625	progressive	384x768
362	0.001483	31.346209	0.896308	0.85	0.00003577	progressive	384x768
363	0.001456	31.410852	0.896918	0.84	0.00003530	progressive	384x768
364	0.001403	30.900128	0.894377	0.84	0.00003483	progressive	384x768
365	0.001567	31.775211	0.897001	0.84	0.00003436	progressive	384x768
366	0.001459	31.300801	0.896598	0.83	0.00003389	progressive	384x768
367	0.001452	31.414404	0.894970	0.85	0.00003343	progressive	384x768
368	0.001578	31.110470	0.896134	0.83	0.00003297	progressive	384x768
369	0.001438	31.635600	0.896363	0.83	0.00003251	progressive	384x768
370	0.001502	31.019918	0.895143	0.84	0.00003205	progressive	384x768
371	0.001468	31.290485	0.893462	0.84	0.00003160	progressive	384x768
372	0.001391	31.333282	0.896035	0.83	0.00003115	progressive	384x768
373	0.001382	31.608374	0.896140	0.84	0.00003070	progressive	384x768
374	0.001402	31.731363	0.898179	0.84	0.00003025	progressive	384x768
375	0.001377	31.890885	0.898661	0.86	0.00002981	progressive	384x768
376	0.001429	31.483626	0.897880	0.85	0.00002937	progressive	384x768
377	0.001430	31.337957	0.895346	0.84	0.00002894	progressive	384x768
378	0.001407	31.380469	0.895957	0.83	0.00002850	progressive	384x768
379	0.001401	31.513244	0.897568	0.83	0.00002807	progressive	384x768
380	0.001480	31.513285	0.895083	0.83	0.00002764	progressive	384x768
381	0.001480	30.939760	0.892941	0.83	0.00002722	progressive	384x768
382	0.001362	31.530938	0.894953	0.83	0.00002680	progressive	384x768
383	0.001381	30.555286	0.897097	0.83	0.00002638	progressive	384x768
384	0.001367	31.047561	0.895510	0.84	0.00002596	progressive	384x768
385	0.001513	31.387770	0.897025	0.85	0.00002555	progressive	384x768
386	0.001391	31.365016	0.897219	0.83	0.00002514	progressive	384x768
387	0.001389	31.270161	0.897846	0.85	0.00002473	progressive	384x768
388	0.001372	31.885106	0.898210	0.84	0.00002432	progressive	384x768
389	0.001530	31.182957	0.896805	0.84	0.00002392	progressive	384x768
390	0.001410	31.616037	0.896875	0.85	0.00002352	progressive	384x768
391	0.001321	31.030187	0.896749	0.85	0.00002313	progressive	384x768
392	0.001391	31.559029	0.896005	0.84	0.00002274	progressive	384x768
393	0.001437	31.738360	0.895336	0.84	0.00002235	progressive	384x768
394	0.001387	31.529615	0.896665	0.84	0.00002196	progressive	384x768
395	0.001309	31.338932	0.897113	0.84	0.00002158	progressive	384x768
396	0.001409	31.675595	0.896709	0.84	0.00002120	progressive	384x768
397	0.001445	31.637168	0.897846	0.85	0.00002082	progressive	384x768
398	0.001445	31.388993	0.895820	0.84	0.00002045	progressive	384x768
399	0.001378	30.836445	0.897013	0.84	0.00002008	progressive	384x768
400	0.001347	31.627935	0.897108	1.00	0.00001971	progressive	384x768
401	0.001467	31.965476	0.899382	0.83	0.00001935	progressive	384x768
402	0.001448	31.488545	0.896991	0.84	0.00001898	progressive	384x768
403	0.001476	31.433231	0.897203	0.84	0.00001863	progressive	384x768
404	0.001391	31.900571	0.897599	0.84	0.00001827	progressive	384x768
405	0.001460	31.260885	0.896190	0.85	0.00001792	progressive	384x768
406	0.001504	31.612839	0.896932	0.84	0.00001757	progressive	384x768
407	0.001387	30.757713	0.895127	0.84	0.00001723	progressive	384x768
408	0.001368	31.571445	0.896488	0.85	0.00001689	progressive	384x768
409	0.001359	30.930155	0.895380	0.85	0.00001655	progressive	384x768
410	0.001368	31.595317	0.898010	0.83	0.00001622	progressive	384x768
411	0.001496	31.827394	0.898471	0.84	0.00001588	progressive	384x768
412	0.001386	31.465574	0.896540	0.83	0.00001556	progressive	384x768
413	0.001343	31.552694	0.897145	0.84	0.00001523	progressive	384x768
414	0.001358	31.605168	0.897010	0.84	0.00001491	progressive	384x768
415	0.001402	31.506838	0.898042	0.84	0.00001459	progressive	384x768
416	0.001381	31.500603	0.897630	0.85	0.00001428	progressive	384x768
417	0.001435	31.513803	0.896591	0.83	0.00001397	progressive	384x768
418	0.001445	31.220117	0.894327	0.85	0.00001366	progressive	384x768
419	0.001344	31.588879	0.897701	0.84	0.00001336	progressive	384x768
420	0.001425	31.558154	0.897466	0.83	0.00001306	progressive	384x768
421	0.001421	31.647957	0.897520	0.84	0.00001276	progressive	384x768
422	0.001422	31.289299	0.896503	0.84	0.00001246	progressive	384x768
423	0.001355	31.803904	0.898026	0.84	0.00001217	progressive	384x768
424	0.001475	31.695624	0.897251	0.84	0.00001189	progressive	384x768
425	0.001403	31.591749	0.895720	0.83	0.00001160	progressive	384x768
426	0.001405	31.703410	0.896858	0.84	0.00001132	progressive	384x768
427	0.001432	31.883094	0.898260	0.85	0.00001105	progressive	384x768
428	0.001408	31.295355	0.896879	0.84	0.00001078	progressive	384x768
429	0.001321	31.524598	0.896362	0.84	0.00001051	progressive	384x768
430	0.001383	31.573089	0.897767	0.83	0.00001024	progressive	384x768
431	0.001363	31.801422	0.898411	0.83	0.00000998	progressive	384x768
432	0.001376	31.764507	0.897111	0.83	0.00000972	progressive	384x768
433	0.001332	31.812435	0.897060	0.83	0.00000947	progressive	384x768
434	0.001422	31.636935	0.898683	0.83	0.00000922	progressive	384x768
435	0.001435	31.701779	0.897879	0.83	0.00000897	progressive	384x768
436	0.001350	31.434290	0.898121	0.82	0.00000872	progressive	384x768
437	0.001417	31.653249	0.898066	0.82	0.00000848	progressive	384x768
438	0.001323	31.754645	0.898745	0.83	0.00000825	progressive	384x768
439	0.001342	31.735742	0.897444	0.83	0.00000801	progressive	384x768
440	0.001376	31.625880	0.897623	0.84	0.00000779	progressive	384x768
441	0.001376	31.869448	0.898287	0.84	0.00000756	progressive	384x768
442	0.001407	31.356617	0.896811	0.84	0.00000734	progressive	384x768
443	0.001249	31.444623	0.896708	0.84	0.00000712	progressive	384x768
444	0.001417	31.531322	0.897433	0.84	0.00000691	progressive	384x768
445	0.001283	31.593289	0.897400	0.85	0.00000669	progressive	384x768
446	0.001308	31.649476	0.897323	0.84	0.00000649	progressive	384x768
447	0.001394	31.714479	0.897518	0.84	0.00000628	progressive	384x768
448	0.001286	31.620153	0.897000	0.84	0.00000609	progressive	384x768
449	0.001419	31.786233	0.897374	0.83	0.00000589	progressive	384x768
450	0.001303	31.689408	0.897165	0.98	0.00000570	progressive	384x768
451	0.001412	31.662743	0.896657	0.84	0.00000551	progressive	384x768
452	0.001445	31.726319	0.897876	0.84	0.00000532	progressive	384x768
453	0.001389	31.618140	0.897661	0.83	0.00000514	progressive	384x768
454	0.001272	31.521294	0.897315	0.84	0.00000497	progressive	384x768
455	0.001448	31.701464	0.897546	0.84	0.00000479	progressive	384x768
456	0.001376	31.490929	0.897305	0.84	0.00000462	progressive	384x768
457	0.001309	31.142507	0.896026	0.85	0.00000446	progressive	384x768
458	0.001350	31.328937	0.896622	0.83	0.00000430	progressive	384x768
459	0.001485	31.430055	0.896902	0.83	0.00000414	progressive	384x768
460	0.001305	31.715447	0.897729	0.83	0.00000398	progressive	384x768
461	0.001340	31.645545	0.896927	0.84	0.00000383	progressive	384x768
462	0.001507	31.823085	0.897866	0.84	0.00000369	progressive	384x768
463	0.001440	31.721443	0.897538	0.84	0.00000354	progressive	384x768
464	0.001394	31.751618	0.897909	0.84	0.00000341	progressive	384x768
465	0.001413	31.547501	0.897701	0.86	0.00000327	progressive	384x768
466	0.001277	31.467087	0.897126	0.85	0.00000314	progressive	384x768
467	0.001365	31.543412	0.897036	0.84	0.00000301	progressive	384x768
468	0.001410	31.548850	0.896556	0.84	0.00000289	progressive	384x768
469	0.001405	31.637786	0.897393	0.84	0.00000277	progressive	384x768
470	0.001377	31.595462	0.897347	0.84	0.00000265	progressive	384x768
471	0.001314	31.699844	0.897571	0.83	0.00000254	progressive	384x768
472	0.001305	31.637288	0.897449	0.83	0.00000243	progressive	384x768
473	0.001374	31.675299	0.897811	0.83	0.00000233	progressive	384x768
474	0.001375	31.611702	0.897455	0.84	0.00000223	progressive	384x768
475	0.001421	31.636592	0.897265	0.84	0.00000213	progressive	384x768
476	0.001395	31.699689	0.897521	0.84	0.00000204	progressive	384x768
477	0.001281	31.570335	0.897090	0.84	0.00000195	progressive	384x768
478	0.001380	31.592630	0.897014	0.84	0.00000187	progressive	384x768
479	0.001408	31.704371	0.897302	0.83	0.00000179	progressive	384x768
480	0.001418	31.766132	0.897492	0.83	0.00000171	progressive	384x768
481	0.001411	31.688338	0.897323	0.84	0.00000164	progressive	384x768
482	0.001311	31.657081	0.896963	0.84	0.00000157	progressive	384x768
483	0.001382	31.792873	0.897463	0.83	0.00000150	progressive	384x768
484	0.001269	31.712132	0.897536	0.83	0.00000144	progressive	384x768
485	0.001317	31.724957	0.897443	0.83	0.00000139	progressive	384x768
486	0.001304	31.588660	0.897184	0.84	0.00000133	progressive	384x768
487	0.001415	31.659766	0.897084	0.83	0.00000128	progressive	384x768
488	0.001407	31.733347	0.897205	0.84	0.00000124	progressive	384x768
489	0.001302	31.613034	0.897336	0.83	0.00000120	progressive	384x768
490	0.001357	31.667117	0.897272	0.85	0.00000116	progressive	384x768
491	0.001364	31.751270	0.897461	0.85	0.00000113	progressive	384x768
492	0.001365	31.824910	0.897636	0.85	0.00000110	progressive	384x768
493	0.001341	31.801449	0.897352	0.83	0.00000107	progressive	384x768
494	0.001350	31.801476	0.897383	0.84	0.00000105	progressive	384x768
495	0.001332	31.670095	0.896977	0.84	0.00000103	progressive	384x768
496	0.001368	31.694674	0.897120	0.85	0.00000102	progressive	384x768
497	0.001334	31.760404	0.897254	0.83	0.00000101	progressive	384x768
498	0.001265	31.725759	0.897139	0.82	0.00000100	progressive	384x768
499	0.001319	31.724586	0.897187	0.83	0.00000100	progressive	384x768
