epoch	loss	psnr	ssim	time_s	lr	crop_mode	crop_size	batch_size
0	0.041496	19.283009	0.653727	56.27	0.00020000	random	128x128	4
1	0.015599	20.941423	0.658596	2.68	0.00020000	random	128x128	4
2	0.012292	21.192219	0.673441	2.71	0.00020000	random	128x128	4
3	0.007658	23.135457	0.693011	2.68	0.00020000	random	128x128	4
4	0.006251	24.267251	0.703997	2.69	0.00019999	random	128x128	4
5	0.005139	24.825721	0.709650	2.67	0.00019999	random	128x128	4
6	0.004927	24.645020	0.722138	2.68	0.00019998	random	128x128	4
7	0.004684	25.635161	0.729615	2.66	0.00019998	random	128x128	4
8	0.003745	26.103604	0.743369	2.69	0.00019997	random	128x128	4
9	0.003599	26.342943	0.754020	2.70	0.00019996	random	128x128	4
10	0.003458	26.634860	0.759985	2.70	0.00019995	random	128x128	4
11	0.003435	26.888859	0.773634	2.69	0.00019994	random	128x128	4
12	0.003247	26.892029	0.780212	2.72	0.00019993	random	128x128	4
13	0.002830	27.358839	0.795212	2.69	0.00019992	random	128x128	4
14	0.002558	27.466821	0.804294	2.70	0.00019991	random	128x128	4
15	0.002275	28.515642	0.814774	2.68	0.00019989	random	128x128	4
16	0.002265	29.019508	0.817851	2.69	0.00019988	random	128x128	4
17	0.001901	29.166488	0.823389	2.70	0.00019986	random	128x128	4
18	0.001850	29.658565	0.827115	2.69	0.00019985	random	128x128	4
19	0.001608	29.402383	0.828811	2.67	0.00019983	random	128x128	4
20	0.001669	29.818480	0.830165	2.66	0.00019981	random	128x128	4
21	0.001756	29.917599	0.837324	2.63	0.00019979	random	128x128	4
22	0.001536	30.088490	0.839124	2.67	0.00019977	random	128x128	4
23	0.001483	30.336772	0.839827	2.67	0.00019975	random	128x128	4
24	0.001448	30.556321	0.841903	2.65	0.00019973	random	128x128	4
25	0.001433	30.445227	0.844443	2.67	0.00019971	random	128x128	4
26	0.001447	30.570790	0.848954	2.67	0.00019968	random	128x128	4
27	0.001403	30.779616	0.849385	2.67	0.00019966	random	128x128	4
28	0.001392	30.939030	0.851306	2.72	0.00019963	random	128x128	4
29	0.001363	30.345066	0.850174	2.68	0.00019961	random	128x128	4
30	0.001355	30.883316	0.855532	2.71	0.00019958	random	128x128	4
31	0.001329	31.092560	0.857963	2.71	0.00019955	random	128x128	4
32	0.001322	31.354786	0.858211	2.69	0.00019952	random	128x128	4
33	0.001258	30.265527	0.858628	2.68	0.00019949	random	128x128	4
34	0.001246	31.405325	0.862044	2.66	0.00019946	random	128x128	4
35	0.001233	31.552456	0.862873	2.65	0.00019943	random	128x128	4
36	0.001107	31.328843	0.864943	2.69	0.00019939	random	128x128	4
37	0.001109	31.534361	0.865643	2.65	0.00019936	random	128x128	4
38	0.001142	31.834468	0.866067	2.69	0.00019932	random	128x128	4
39	0.001099	31.612353	0.867396	2.70	0.00019929	random	128x128	4
40	0.001096	31.773949	0.867092	2.70	0.00019925	random	128x128	4
41	0.001160	31.760223	0.867660	2.68	0.00019921	random	128x128	4
42	0.001115	31.984353	0.870976	2.99	0.00019917	random	128x128	4
43	0.001083	31.871116	0.869216	2.71	0.00019913	random	128x128	4
44	0.001035	31.803477	0.870237	2.66	0.00019909	random	128x128	4
45	0.001101	30.680186	0.865810	2.65	0.00019905	random	128x128	4
46	0.001078	32.192179	0.873418	2.70	0.00019901	random	128x128	4
47	0.001085	32.210200	0.872316	2.72	0.00019896	random	128x128	4
48	0.001050	32.151293	0.873177	2.70	0.00019892	random	128x128	4
49	0.001036	31.658095	0.872864	2.72	0.00019887	random	128x128	4
50	0.000989	32.147441	0.875812	2.87	0.00019883	random	128x128	4
51	0.000918	32.140770	0.877273	2.72	0.00019878	random	128x128	4
52	0.001007	32.506392	0.875501	2.70	0.00019873	random	128x128	4
53	0.000964	32.180916	0.875655	2.76	0.00019868	random	128x128	4
54	0.000978	32.386823	0.877998	2.77	0.00019863	random	128x128	4
55	0.000976	32.362371	0.876768	2.78	0.00019858	random	128x128	4
56	0.000948	32.505356	0.879455	2.78	0.00019853	random	128x128	4
57	0.000921	32.053918	0.878361	2.77	0.00019848	random	128x128	4
58	0.000882	32.631894	0.878716	2.78	0.00019842	random	128x128	4
59	0.000942	32.589024	0.879049	2.71	0.00019837	random	128x128	4
60	0.000908	32.644822	0.879608	2.65	0.00019831	random	128x128	4
61	0.000941	32.500294	0.881204	2.63	0.00019826	random	128x128	4
62	0.000971	32.207151	0.879266	2.67	0.00019820	random	128x128	4
63	0.000965	32.494235	0.881212	2.70	0.00019814	random	128x128	4
64	0.000917	32.248842	0.880007	2.70	0.00019808	random	128x128	4
65	0.000961	32.834638	0.883553	2.68	0.00019802	random	128x128	4
66	0.000922	32.817877	0.883764	2.68	0.00019796	random	128x128	4
67	0.000939	31.470750	0.881515	2.63	0.00019790	random	128x128	4
68	0.001001	32.633172	0.880954	2.68	0.00019784	random	128x128	4
69	0.000911	32.913130	0.882403	2.67	0.00019777	random	128x128	4
70	0.000883	32.557567	0.880566	2.79	0.00019771	random	128x128	4
71	0.000884	32.766120	0.884999	2.63	0.00019764	random	128x128	4
72	0.000875	32.579471	0.884240	2.68	0.00019758	random	128x128	4
73	0.000875	32.941053	0.884399	2.75	0.00019751	random	128x128	4
74	0.000926	32.842818	0.884048	2.69	0.00019744	random	128x128	4
75	0.000837	33.088030	0.884839	2.70	0.00019737	random	128x128	4
76	0.000880	32.507609	0.885776	2.74	0.00019730	random	128x128	4
77	0.000903	32.834632	0.886018	2.71	0.00019723	random	128x128	4
78	0.000860	33.219991	0.885139	2.70	0.00019716	random	128x128	4
79	0.000889	32.819993	0.887380	2.71	0.00019708	random	128x128	4
80	0.000816	33.045387	0.886109	2.72	0.00019701	random	128x128	4
81	0.000860	32.401316	0.887966	2.69	0.00019693	random	128x128	4
82	0.000868	32.898846	0.888000	2.71	0.00019686	random	128x128	4
83	0.000844	32.901388	0.886040	2.90	0.00019678	random	128x128	4
84	0.000823	32.638266	0.888796	2.69	0.00019670	random	128x128	4
85	0.000820	33.173321	0.889039	2.69	0.00019663	random	128x128	4
86	0.000883	32.816452	0.887696	2.69	0.00019655	random	128x128	4
87	0.000827	33.335397	0.889995	2.70	0.00019647	random	128x128	4
88	0.000802	32.542405	0.889038	2.75	0.00019639	random	128x128	4
89	0.000821	32.737482	0.886145	2.72	0.00019630	random	128x128	4
90	0.000813	33.193335	0.888775	2.72	0.00019622	random	128x128	4
91	0.000787	33.123776	0.889306	2.72	0.00019614	random	128x128	4
92	0.000828	33.149163	0.886393	2.71	0.00019605	random	128x128	4
93	0.000836	33.082251	0.892613	2.73	0.00019597	random	128x128	4
94	0.000824	33.304042	0.890159	2.70	0.00019588	random	128x128	4
95	0.000825	32.011959	0.887203	2.71	0.00019579	random	128x128	4
96	0.000756	33.155863	0.892355	2.69	0.00019570	random	128x128	4
97	0.000749	33.273294	0.893520	2.73	0.00019561	random	128x128	4
98	0.000846	32.545767	0.889545	2.70	0.00019552	random	128x128	4
99	0.000819	32.796312	0.892419	2.73	0.00019543	random	128x128	4
100	0.000822	33.358866	0.890552	2.86	0.00019534	random	128x128	4
101	0.000835	33.029121	0.892117	2.79	0.00019525	random	128x128	4
102	0.000803	33.455389	0.892317	2.76	0.00019515	random	128x128	4
103	0.000749	33.281660	0.893299	2.81	0.00019506	random	128x128	4
104	0.000779	33.498391	0.894635	2.80	0.00019496	random	128x128	4
105	0.000764	33.497968	0.891700	2.81	0.00019487	random	128x128	4
106	0.000805	33.466249	0.891960	2.81	0.00019477	random	128x128	4
107	0.000796	33.670464	0.893564	2.81	0.00019467	random	128x128	4
108	0.000743	33.431425	0.894648	2.80	0.00019457	random	128x128	4
109	0.000769	33.225280	0.896129	2.77	0.00019447	random	128x128	4
110	0.000809	33.492748	0.894730	2.72	0.00019437	random	128x128	4
111	0.000775	33.264621	0.895459	2.80	0.00019427	random	128x128	4
112	0.000777	32.830236	0.894468	2.78	0.00019417	random	128x128	4
113	0.000758	33.618189	0.897157	2.71	0.00019406	random	128x128	4
114	0.000770	32.913626	0.894259	2.82	0.00019396	random	128x128	4
115	0.000833	33.402046	0.892285	2.75	0.00019386	random	128x128	4
116	0.000773	33.445068	0.896634	2.79	0.00019375	random	128x128	4
117	0.000772	33.573502	0.897204	2.78	0.00019364	random	128x128	4
118	0.000771	33.508234	0.898309	2.83	0.00019353	random	128x128	4
119	0.000730	33.367739	0.897416	2.82	0.00019343	random	128x128	4
120	0.000784	33.816583	0.896718	2.74	0.00019332	random	128x128	4
121	0.000740	33.774017	0.899271	2.81	0.00019321	random	128x128	4
122	0.000736	32.613241	0.898989	2.99	0.00019309	random	128x128	4
123	0.000746	33.597866	0.898322	2.69	0.00019298	random	128x128	4
124	0.000757	33.507891	0.898513	2.73	0.00019287	random	128x128	4
125	0.000747	33.218794	0.898462	2.70	0.00019275	random	128x128	4
126	0.000749	33.212907	0.898788	2.73	0.00019264	random	128x128	4
127	0.000741	33.384696	0.898963	2.74	0.00019252	random	128x128	4
128	0.000746	33.637141	0.900520	2.70	0.00019241	random	128x128	4
129	0.000787	33.621295	0.900529	2.67	0.00019229	random	128x128	4
130	0.000786	33.521912	0.899353	2.69	0.00019217	random	128x128	4
131	0.000759	33.344311	0.901683	2.69	0.00019205	random	128x128	4
132	0.000720	33.441069	0.902636	2.68	0.00019193	random	128x128	4
133	0.000721	33.626347	0.902864	2.71	0.00019181	random	128x128	4
134	0.000741	34.027444	0.902692	2.72	0.00019169	random	128x128	4
135	0.000716	33.610551	0.902559	2.73	0.00019157	random	128x128	4
136	0.000678	32.327801	0.901065	2.70	0.00019144	random	128x128	4
137	0.000715	33.421566	0.901142	2.75	0.00019132	random	128x128	4
138	0.000758	33.281790	0.899258	2.69	0.00019119	random	128x128	4
139	0.000715	34.030538	0.903279	2.68	0.00019107	random	128x128	4
140	0.000723	33.490752	0.901531	2.67	0.00019094	random	128x128	4
141	0.000706	33.437436	0.903930	2.72	0.00019081	random	128x128	4
142	0.000755	33.895054	0.899561	2.66	0.00019068	random	128x128	4
143	0.000730	33.837644	0.903015	2.68	0.00019055	random	128x128	4
144	0.000694	33.873854	0.905225	2.70	0.00019042	random	128x128	4
145	0.000748	33.341700	0.903019	2.72	0.00019029	random	128x128	4
146	0.000714	33.537126	0.905473	2.70	0.00019016	random	128x128	4
147	0.000736	34.033969	0.903460	2.69	0.00019003	random	128x128	4
148	0.000678	33.854901	0.905369	2.70	0.00018990	random	128x128	4
149	0.000728	33.575806	0.903848	2.71	0.00018976	random	128x128	4
150	0.000697	33.550505	0.904870	2.84	0.00018963	random	128x128	4
151	0.000685	34.123169	0.906957	2.72	0.00018949	random	128x128	4
152	0.000683	33.091846	0.904551	2.70	0.00018935	random	128x128	4
153	0.000705	33.889749	0.904870	2.69	0.00018921	random	128x128	4
154	0.000703	33.808373	0.906993	2.71	0.00018908	random	128x128	4
155	0.000693	33.912810	0.906751	2.70	0.00018894	random	128x128	4
156	0.000703	33.418029	0.905300	2.70	0.00018880	random	128x128	4
157	0.000691	34.323156	0.906993	2.75	0.00018865	random	128x128	4
158	0.000646	34.054078	0.903691	2.74	0.00018851	random	128x128	4
159	0.000671	34.133283	0.907328	2.68	0.00018837	random	128x128	4
160	0.000660	34.071712	0.907525	2.72	0.00018823	random	128x128	4
161	0.000646	34.267365	0.908381	2.92	0.00018808	random	128x128	4
162	0.000711	33.966013	0.908078	2.69	0.00018794	random	128x128	4
163	0.000666	33.811467	0.904632	2.76	0.00018779	random	128x128	4
164	0.000677	33.671139	0.905786	2.70	0.00018764	random	128x128	4
165	0.000670	33.735153	0.908606	2.71	0.00018750	random	128x128	4
166	0.000714	33.417589	0.904338	2.74	0.00018735	random	128x128	4
167	0.000675	33.695999	0.902147	2.73	0.00018720	random	128x128	4
168	0.000694	33.855247	0.904279	2.71	0.00018705	random	128x128	4
169	0.000643	33.765132	0.904606	2.75	0.00018690	random	128x128	4
170	0.000639	34.254887	0.908293	2.68	0.00018674	random	128x128	4
171	0.000639	34.159766	0.909827	2.69	0.00018659	random	128x128	4
172	0.000659	33.807094	0.909313	2.71	0.00018644	random	128x128	4
173	0.000666	34.255965	0.908108	2.73	0.00018628	random	128x128	4
174	0.000678	34.040535	0.909924	2.66	0.00018613	random	128x128	4
175	0.000664	33.426831	0.897353	2.71	0.00018597	random	128x128	4
176	0.000733	33.791462	0.908595	2.72	0.00018582	random	128x128	4
177	0.000617	34.057335	0.905285	2.68	0.00018566	random	128x128	4
178	0.000663	34.274077	0.911842	2.72	0.00018550	random	128x128	4
179	0.000650	34.164164	0.907226	2.72	0.00018534	random	128x128	4
180	0.000636	34.316305	0.909760	2.70	0.00018518	random	128x128	4
181	0.000643	34.014797	0.910726	2.81	0.00018502	random	128x128	4
182	0.000678	34.263004	0.910052	3.22	0.00018486	random	128x128	4
183	0.000662	33.938765	0.910925	2.83	0.00018470	random	128x128	4
184	0.000642	34.382879	0.911465	2.79	0.00018454	random	128x128	4
185	0.000610	34.432892	0.912169	2.86	0.00018437	random	128x128	4
186	0.000643	34.284384	0.909924	2.84	0.00018421	random	128x128	4
187	0.000659	34.370048	0.911799	2.79	0.00018404	random	128x128	4
188	0.000652	34.259011	0.911630	2.94	0.00018388	random	128x128	4
189	0.000675	33.833028	0.911414	2.94	0.00018371	random	128x128	4
190	0.000652	33.245795	0.910782	2.77	0.00018354	random	128x128	4
191	0.000666	34.472776	0.913308	2.75	0.00018337	random	128x128	4
192	0.000587	34.341415	0.914001	3.06	0.00018320	random	128x128	4
193	0.000625	34.281173	0.912744	3.10	0.00018303	random	128x128	4
194	0.000630	34.227690	0.912478	3.05	0.00018286	random	128x128	4
195	0.000628	34.473193	0.913948	3.07	0.00018269	random	128x128	4
196	0.000614	33.935439	0.908556	3.00	0.00018252	random	128x128	4
197	0.000670	33.807614	0.912047	2.98	0.00018235	random	128x128	4
198	0.000632	34.143233	0.910964	2.98	0.00018217	random	128x128	4
199	0.000640	33.537177	0.913370	3.05	0.00018200	random	128x128	4
200	0.000615	33.613013	0.909933	3.22	0.00018182	random	128x128	4
201	0.000632	34.329289	0.914156	3.35	0.00018165	random	128x128	4
202	0.000637	34.581090	0.913631	3.06	0.00018147	random	128x128	4
203	0.000632	34.465800	0.913081	3.06	0.00018129	random	128x128	4
204	0.000629	34.463534	0.907496	3.05	0.00018111	random	128x128	4
205	0.000632	34.527530	0.914704	3.05	0.00018093	random	128x128	4
206	0.000569	34.463130	0.909796	3.01	0.00018075	random	128x128	4
207	0.000604	34.466551	0.915271	3.06	0.00018057	random	128x128	4
208	0.000612	34.545111	0.911886	3.03	0.00018039	random	128x128	4
209	0.000610	33.184243	0.910801	3.10	0.00018021	random	128x128	4
210	0.000636	33.619649	0.913862	3.10	0.00018003	random	128x128	4
211	0.000603	34.427777	0.908752	3.07	0.00017984	random	128x128	4
212	0.000613	34.558805	0.914378	3.01	0.00017966	random	128x128	4
213	0.000597	34.644734	0.915323	3.13	0.00017947	random	128x128	4
214	0.000635	33.927244	0.915407	3.04	0.00017929	random	128x128	4
215	0.000590	34.398770	0.913465	3.07	0.00017910	random	128x128	4
216	0.000604	34.502612	0.915084	2.99	0.00017891	random	128x128	4
217	0.000601	34.495135	0.914135	3.04	0.00017873	random	128x128	4
218	0.000656	34.531572	0.913781	3.02	0.00017854	random	128x128	4
219	0.000651	34.121650	0.913928	3.04	0.00017835	random	128x128	4
220	0.000611	34.524476	0.913250	3.00	0.00017816	random	128x128	4
221	0.000581	34.494915	0.914522	3.07	0.00017797	random	128x128	4
222	0.000585	34.672285	0.915972	3.08	0.00017777	random	128x128	4
223	0.000570	34.305001	0.916444	3.07	0.00017758	random	128x128	4
224	0.000605	34.471019	0.915492	3.04	0.00017739	random	128x128	4
225	0.000608	33.920171	0.915570	3.08	0.00017719	random	128x128	4
226	0.000571	34.650564	0.916743	3.04	0.00017700	random	128x128	4
227	0.000591	34.608876	0.912759	3.06	0.00017681	random	128x128	4
228	0.000601	34.926537	0.917537	3.07	0.00017661	random	128x128	4
229	0.000617	34.432554	0.911995	3.09	0.00017641	random	128x128	4
230	0.000622	34.704403	0.917027	3.11	0.00017622	random	128x128	4
231	0.000591	34.669636	0.918474	3.11	0.00017602	random	128x128	4
232	0.000592	34.628846	0.918032	3.09	0.00017582	random	128x128	4
233	0.000552	34.850007	0.917219	3.07	0.00017562	random	128x128	4
234	0.000580	34.499699	0.913463	3.02	0.00017542	random	128x128	4
235	0.000606	34.706992	0.917978	3.05	0.00017522	random	128x128	4
236	0.000616	33.987754	0.914285	3.03	0.00017502	random	128x128	4
237	0.000582	34.655026	0.914210	3.01	0.00017481	random	128x128	4
238	0.000590	34.794837	0.915078	3.06	0.00017461	random	128x128	4
239	0.000562	34.765633	0.918519	3.02	0.00017441	random	128x128	4
240	0.000548	34.964336	0.918686	3.03	0.00017420	random	128x128	4
241	0.000588	34.592936	0.912926	3.19	0.00017400	random	128x128	4
242	0.000595	34.795326	0.916136	3.00	0.00017379	random	128x128	4
243	0.000547	34.718348	0.916776	3.00	0.00017359	random	128x128	4
244	0.000597	34.257818	0.918400	3.06	0.00017338	random	128x128	4
245	0.000551	34.907142	0.919609	3.12	0.00017317	random	128x128	4
246	0.000593	32.668338	0.915021	3.12	0.00017296	random	128x128	4
247	0.000627	34.777129	0.917496	3.02	0.00017275	random	128x128	4
248	0.000590	34.807781	0.917864	3.05	0.00017254	random	128x128	4
249	0.000549	34.952742	0.917304	3.04	0.00017233	random	128x128	4
250	0.000549	34.070368	0.916598	3.20	0.00017212	random	128x128	4
251	0.000598	34.785744	0.918944	3.04	0.00017191	random	128x128	4
252	0.000550	34.911283	0.918582	3.05	0.00017170	random	128x128	4
253	0.000567	34.846034	0.916772	3.11	0.00017149	random	128x128	4
254	0.000560	34.131947	0.918694	3.08	0.00017127	random	128x128	4
255	0.000558	34.782039	0.918479	3.08	0.00017106	random	128x128	4
256	0.000552	35.072406	0.919352	3.04	0.00017084	random	128x128	4
257	0.000565	34.610288	0.916787	3.00	0.00017063	random	128x128	4
258	0.000574	34.934022	0.914734	2.97	0.00017041	random	128x128	4
259	0.000572	34.909428	0.919054	3.07	0.00017019	random	128x128	4
260	0.000541	34.861909	0.919364	2.99	0.00016998	random	128x128	4
261	0.000576	34.495239	0.920046	2.98	0.00016976	random	128x128	4
262	0.000627	34.955295	0.920931	2.95	0.00016954	random	128x128	4
263	0.000563	34.956984	0.916217	3.01	0.00016932	random	128x128	4
264	0.000529	34.991841	0.918752	2.98	0.00016910	random	128x128	4
265	0.000542	34.854711	0.918721	2.99	0.00016888	random	128x128	4
266	0.000581	34.680448	0.918071	2.99	0.00016866	random	128x128	4
267	0.000546	34.670563	0.919668	2.99	0.00016843	random	128x128	4
268	0.000549	34.709758	0.918662	3.03	0.00016821	random	128x128	4
269	0.000548	35.118580	0.919291	2.94	0.00016799	random	128x128	4
270	0.000551	35.056542	0.919224	2.93	0.00016776	random	128x128	4
271	0.000561	34.822959	0.920220	2.96	0.00016754	random	128x128	4
272	0.000559	35.190348	0.919691	2.97	0.00016731	random	128x128	4
273	0.000519	35.040515	0.920292	2.94	0.00016709	random	128x128	4
274	0.000530	34.710353	0.919707	3.00	0.00016686	random	128x128	4
275	0.000524	35.145671	0.920296	2.95	0.00016664	random	128x128	4
276	0.000505	35.266018	0.923175	3.06	0.00016641	random	128x128	4
277	0.000550	34.384270	0.918768	3.01	0.00016618	random	128x128	4
278	0.000559	35.039343	0.920561	3.05	0.00016595	random	128x128	4
279	0.000526	35.280718	0.922177	2.98	0.00016572	random	128x128	4
280	0.000544	35.077077	0.921563	3.01	0.00016549	random	128x128	4
281	0.000514	35.173633	0.920894	3.22	0.00016526	random	128x128	4
282	0.000529	35.190807	0.921819	3.06	0.00016503	random	128x128	4
283	0.000521	35.244893	0.922905	3.04	0.00016480	random	128x128	4
284	0.000526	35.364857	0.922907	3.02	0.00016456	random	128x128	4
285	0.000533	35.217529	0.921869	2.96	0.00016433	random	128x128	4
286	0.000527	35.050757	0.922059	2.96	0.00016410	random	128x128	4
287	0.000526	35.395928	0.922998	3.03	0.00016386	random	128x128	4
288	0.000549	35.349813	0.922805	3.01	0.00016363	random	128x128	4
289	0.000526	35.288114	0.921650	2.92	0.00016339	random	128x128	4
290	0.000509	35.037067	0.922648	3.02	0.00016316	random	128x128	4
291	0.000537	34.948579	0.923022	2.95	0.00016292	random	128x128	4
292	0.000514	34.924355	0.921581	2.90	0.00016268	random	128x128	4
293	0.000519	35.230330	0.922602	2.97	0.00016245	random	128x128	4
294	0.000521	35.209698	0.922201	2.93	0.00016221	random	128x128	4
295	0.000527	35.339463	0.922078	2.96	0.00016197	random	128x128	4
296	0.000507	35.266416	0.923325	2.92	0.00016173	random	128x128	4
297	0.000501	35.164464	0.922449	2.95	0.00016149	random	128x128	4
298	0.000502	35.285797	0.923319	2.97	0.00016125	random	128x128	4
299	0.000511	35.413934	0.923577	2.95	0.00016101	random	128x128	4
300	0.000514	35.230316	0.923751	3.12	0.00016077	random	128x128	4
301	0.000510	35.489304	0.924078	2.98	0.00016052	random	128x128	4
302	0.000530	35.013369	0.923771	2.94	0.00016028	random	128x128	4
303	0.000505	35.032120	0.923494	2.99	0.00016004	random	128x128	4
304	0.000517	35.049117	0.923263	2.94	0.00015980	random	128x128	4
305	0.000494	35.259814	0.922580	3.01	0.00015955	random	128x128	4
306	0.000510	35.409900	0.925295	2.94	0.00015931	random	128x128	4
307	0.000526	35.489385	0.923711	2.97	0.00015906	random	128x128	4
308	0.000511	35.372611	0.923427	2.99	0.00015881	random	128x128	4
309	0.000515	35.406757	0.924311	2.97	0.00015857	random	128x128	4
310	0.000519	35.574894	0.925277	2.93	0.00015832	random	128x128	4
311	0.000505	35.567508	0.924415	2.94	0.00015807	random	128x128	4
312	0.000509	35.312364	0.924112	3.00	0.00015783	random	128x128	4
313	0.000534	35.614709	0.926127	2.98	0.00015758	random	128x128	4
314	0.000497	35.230114	0.925645	2.98	0.00015733	random	128x128	4
315	0.000519	35.652637	0.925912	2.98	0.00015708	random	128x128	4
316	0.000492	35.090934	0.924888	2.95	0.00015683	random	128x128	4
317	0.000495	35.380542	0.925225	2.97	0.00015658	random	128x128	4
318	0.000488	35.622730	0.925041	2.98	0.00015633	random	128x128	4
319	0.000485	35.419538	0.924965	2.97	0.00015607	random	128x128	4
320	0.000467	35.258887	0.925784	3.16	0.00015582	random	128x128	4
321	0.000503	35.398356	0.924668	2.93	0.00015557	random	128x128	4
322	0.000512	35.424254	0.925956	2.96	0.00015532	random	128x128	4
323	0.000491	35.605248	0.924635	2.96	0.00015506	random	128x128	4
324	0.000536	35.553079	0.924549	2.94	0.00015481	random	128x128	4
325	0.000500	35.499170	0.925723	2.97	0.00015455	random	128x128	4
326	0.000502	35.530825	0.923897	2.97	0.00015430	random	128x128	4
327	0.000497	35.699888	0.925797	2.95	0.00015404	random	128x128	4
328	0.000496	35.738243	0.925960	2.99	0.00015379	random	128x128	4
329	0.000504	35.562993	0.925655	2.96	0.00015353	random	128x128	4
330	0.000476	35.635594	0.924377	2.93	0.00015327	random	128x128	4
331	0.000499	35.579822	0.925514	2.96	0.00015302	random	128x128	4
332	0.000480	35.400370	0.925409	2.99	0.00015276	random	128x128	4
333	0.000503	35.478914	0.924498	3.00	0.00015250	random	128x128	4
334	0.000477	35.517921	0.926718	2.96	0.00015224	random	128x128	4
335	0.000489	35.822644	0.926596	2.98	0.00015198	random	128x128	4
336	0.000468	35.224459	0.926132	3.04	0.00015172	random	128x128	4
337	0.000462	35.657980	0.927312	3.07	0.00015146	random	128x128	4
338	0.000496	35.719225	0.926800	3.00	0.00015120	random	128x128	4
339	0.000488	35.695208	0.925783	3.02	0.00015094	random	128x128	4
340	0.000464	35.660577	0.927562	2.97	0.00015068	random	128x128	4
341	0.000504	35.492473	0.928046	2.99	0.00015042	random	128x128	4
342	0.000511	35.371570	0.924783	2.97	0.00015015	random	128x128	4
343	0.000472	35.773457	0.927451	2.96	0.00014989	random	128x128	4
344	0.000476	35.626637	0.926064	3.02	0.00014963	random	128x128	4
345	0.000487	35.420836	0.925909	3.00	0.00014936	random	128x128	4
346	0.000494	35.116214	0.925592	3.02	0.00014910	random	128x128	4
347	0.000462	35.760299	0.926207	3.03	0.00014883	random	128x128	4
348	0.000471	35.799266	0.926260	3.03	0.00014857	random	128x128	4
349	0.000499	35.770924	0.927390	2.93	0.00014830	random	128x128	4
350	0.000503	35.882489	0.926969	3.07	0.00014804	random	128x128	4
351	0.000515	35.641611	0.925396	3.01	0.00014777	random	128x128	4
352	0.000467	35.718182	0.925498	3.00	0.00014750	random	128x128	4
353	0.000462	35.737806	0.926659	3.02	0.00014723	random	128x128	4
354	0.000497	34.507976	0.925391	3.02	0.00014697	random	128x128	4
355	0.000462	35.707813	0.926813	3.06	0.00014670	random	128x128	4
356	0.000500	35.455423	0.926454	3.08	0.00014643	random	128x128	4
357	0.000490	35.780093	0.926751	3.07	0.00014616	random	128x128	4
358	0.000478	35.930277	0.927896	3.03	0.00014589	random	128x128	4
359	0.000486	35.732627	0.926597	2.96	0.00014562	random	128x128	4
360	0.000483	35.865300	0.928037	3.20	0.00014535	random	128x128	4
361	0.000496	35.832633	0.927527	2.96	0.00014508	random	128x128	4
362	0.000490	35.354756	0.927298	2.93	0.00014481	random	128x128	4
363	0.000495	35.588975	0.927184	2.95	0.00014454	random	128x128	4
364	0.000444	35.887467	0.928589	2.95	0.00014427	random	128x128	4
365	0.000477	35.850745	0.928611	2.93	0.00014399	random	128x128	4
366	0.000453	35.710355	0.928414	2.93	0.00014372	random	128x128	4
367	0.000468	35.934546	0.928497	3.05	0.00014345	random	128x128	4
368	0.000431	35.853324	0.928648	3.03	0.00014318	random	128x128	4
369	0.000464	35.826088	0.928749	3.02	0.00014290	random	128x128	4
370	0.000461	35.909603	0.928230	3.00	0.00014263	random	128x128	4
371	0.000463	35.959699	0.927699	3.07	0.00014235	random	128x128	4
372	0.000458	35.601947	0.927741	3.04	0.00014208	random	128x128	4
373	0.000466	35.925882	0.928542	3.05	0.00014180	random	128x128	4
374	0.000469	35.819916	0.928764	2.98	0.00014153	random	128x128	4
375	0.000443	35.433958	0.927566	3.05	0.00014125	random	128x128	4
376	0.000497	35.640766	0.927572	2.94	0.00014098	random	128x128	4
377	0.000490	35.937430	0.928511	3.01	0.00014070	random	128x128	4
378	0.000456	35.957746	0.928597	3.02	0.00014042	random	128x128	4
379	0.000449	35.906962	0.929478	2.97	0.00014014	random	128x128	4
380	0.000452	35.770637	0.928168	2.96	0.00013987	random	128x128	4
381	0.000452	35.879786	0.929051	3.03	0.00013959	random	128x128	4
382	0.000464	35.347694	0.927888	3.02	0.00013931	random	128x128	4
383	0.000473	35.902725	0.929338	2.99	0.00013903	random	128x128	4
384	0.000447	35.755948	0.929057	3.00	0.00013875	random	128x128	4
385	0.000457	36.068879	0.930307	3.02	0.00013847	random	128x128	4
386	0.000447	36.004026	0.929844	3.06	0.00013819	random	128x128	4
387	0.000486	35.748670	0.929733	3.02	0.00013791	random	128x128	4
388	0.000439	35.467055	0.929588	2.99	0.00013763	random	128x128	4
389	0.000463	35.887881	0.930452	3.04	0.00013735	random	128x128	4
390	0.000435	35.941220	0.929373	3.03	0.00013707	random	128x128	4
391	0.000458	35.912970	0.929407	2.94	0.00013679	random	128x128	4
392	0.000494	36.091968	0.929957	3.04	0.00013651	random	128x128	4
393	0.000452	36.089999	0.929593	3.03	0.00013623	random	128x128	4
394	0.000456	36.057734	0.930327	2.94	0.00013594	random	128x128	4
395	0.000455	35.976815	0.930074	2.94	0.00013566	random	128x128	4
396	0.000439	35.780605	0.929233	2.94	0.00013538	random	128x128	4
397	0.000453	35.825275	0.929222	3.00	0.00013509	random	128x128	4
398	0.000491	35.815897	0.929864	3.00	0.00013481	random	128x128	4
399	0.000437	36.084433	0.930033	3.01	0.00013453	random	128x128	4
400	0.000438	36.183854	0.930124	3.35	0.00013424	random	128x128	4
401	0.000464	35.688572	0.928935	2.98	0.00013396	random	128x128	4
402	0.000454	36.009272	0.930794	3.01	0.00013367	random	128x128	4
403	0.000455	36.028169	0.929874	2.98	0.00013339	random	128x128	4
404	0.000442	35.962783	0.930253	2.96	0.00013310	random	128x128	4
405	0.000467	35.728521	0.929690	2.92	0.00013282	random	128x128	4
406	0.000451	35.872778	0.929371	2.89	0.00013253	random	128x128	4
407	0.000463	36.003406	0.930035	2.94	0.00013225	random	128x128	4
408	0.000447	35.790897	0.929389	2.97	0.00013196	random	128x128	4
409	0.000490	35.458939	0.926841	3.00	0.00013167	random	128x128	4
410	0.000461	35.992241	0.929479	3.00	0.00013139	random	128x128	4
411	0.000449	36.028904	0.930349	3.10	0.00013110	random	128x128	4
412	0.000450	36.070956	0.931227	2.95	0.00013081	random	128x128	4
413	0.000439	35.629658	0.930445	3.04	0.00013052	random	128x128	4
414	0.000448	35.852201	0.931474	2.96	0.00013024	random	128x128	4
415	0.000473	36.268554	0.931863	2.93	0.00012995	random	128x128	4
416	0.000434	36.250016	0.931091	2.98	0.00012966	random	128x128	4
417	0.000413	36.110361	0.931583	2.97	0.00012937	random	128x128	4
418	0.000417	36.198277	0.931262	3.03	0.00012908	random	128x128	4
419	0.000431	36.138388	0.931554	2.99	0.00012879	random	128x128	4
420	0.000453	36.272293	0.930970	2.94	0.00012850	random	128x128	4
421	0.000419	36.032739	0.930601	2.97	0.00012821	random	128x128	4
422	0.000454	36.178387	0.931282	3.04	0.00012792	random	128x128	4
423	0.000429	36.152214	0.930477	2.94	0.00012763	random	128x128	4
424	0.000475	35.950921	0.930844	3.01	0.00012734	random	128x128	4
425	0.000438	35.670798	0.930782	2.98	0.00012705	random	128x128	4
426	0.000451	36.262282	0.931710	2.97	0.00012676	random	128x128	4
427	0.000429	35.990526	0.931415	2.97	0.00012647	random	128x128	4
428	0.000426	36.256662	0.931712	2.96	0.00012618	random	128x128	4
429	0.000424	36.186496	0.931090	2.98	0.00012589	random	128x128	4
430	0.000435	35.730027	0.931793	3.04	0.00012560	random	128x128	4
431	0.000426	36.258052	0.931346	3.00	0.00012531	random	128x128	4
432	0.000452	36.230302	0.931670	2.99	0.00012501	random	128x128	4
433	0.000470	36.073037	0.930166	2.95	0.00012472	random	128x128	4
434	0.000428	36.291292	0.931945	2.95	0.00012443	random	128x128	4
435	0.000467	36.234565	0.932081	3.05	0.00012414	random	128x128	4
436	0.000414	36.021204	0.932096	2.97	0.00012384	random	128x128	4
437	0.000442	36.311215	0.932623	2.98	0.00012355	random	128x128	4
438	0.000439	36.277241	0.931195	3.15	0.00012326	random	128x128	4
439	0.000428	36.034398	0.932551	2.97	0.00012297	random	128x128	4
440	0.000426	36.275651	0.932496	3.18	0.00012267	random	128x128	4
441	0.000434	36.366227	0.932660	3.07	0.00012238	random	128x128	4
442	0.000438	36.266189	0.930852	3.03	0.00012208	random	128x128	4
443	0.000442	36.298060	0.932637	3.08	0.00012179	random	128x128	4
444	0.000439	36.207869	0.932135	3.02	0.00012150	random	128x128	4
445	0.000480	36.185213	0.931694	3.06	0.00012120	random	128x128	4
446	0.000412	36.211439	0.932966	3.11	0.00012091	random	128x128	4
447	0.000452	36.134050	0.932733	3.01	0.00012061	random	128x128	4
448	0.000427	36.383936	0.931831	3.00	0.00012032	random	128x128	4
449	0.000428	36.333258	0.932265	3.11	0.00012002	random	128x128	4
450	0.000434	36.192572	0.932445	3.20	0.00011973	random	128x128	4
451	0.000442	36.384204	0.933394	3.06	0.00011943	random	128x128	4
452	0.000420	36.206518	0.932489	3.13	0.00011914	random	128x128	4
453	0.000422	36.260521	0.932562	3.07	0.00011884	random	128x128	4
454	0.000447	36.309862	0.933700	3.02	0.00011855	random	128x128	4
455	0.000454	36.024562	0.932505	3.05	0.00011825	random	128x128	4
456	0.000412	36.439891	0.933474	2.99	0.00011796	random	128x128	4
457	0.000425	36.428478	0.932760	3.09	0.00011766	random	128x128	4
458	0.000437	36.299721	0.932176	3.08	0.00011736	random	128x128	4
459	0.000455	36.241137	0.930871	3.01	0.00011707	random	128x128	4
460	0.000432	36.348498	0.932460	3.04	0.00011677	random	128x128	4
461	0.000452	36.486299	0.933579	3.02	0.00011647	random	128x128	4
462	0.000449	36.336494	0.933780	3.00	0.00011618	random	128x128	4
463	0.000428	35.921776	0.932467	3.07	0.00011588	random	128x128	4
464	0.000416	36.353519	0.933444	3.05	0.00011558	random	128x128	4
465	0.000410	36.271525	0.932439	3.04	0.00011529	random	128x128	4
466	0.000438	36.287370	0.932068	3.06	0.00011499	random	128x128	4
467	0.000436	36.205224	0.933296	3.03	0.00011469	random	128x128	4
468	0.000442	36.273692	0.933313	3.09	0.00011440	random	128x128	4
469	0.000448	36.529869	0.933708	3.05	0.00011410	random	128x128	4
470	0.000393	36.408836	0.933370	2.98	0.00011380	random	128x128	4
471	0.000412	36.482782	0.933523	3.03	0.00011350	random	128x128	4
472	0.000417	36.559032	0.933392	3.07	0.00011321	random	128x128	4
473	0.000444	35.800160	0.932791	3.01	0.00011291	random	128x128	4
474	0.000437	36.299633	0.933641	3.04	0.00011261	random	128x128	4
475	0.000419	36.391858	0.934411	3.02	0.00011231	random	128x128	4
476	0.000401	36.562268	0.934227	3.00	0.00011201	random	128x128	4
477	0.000408	36.514768	0.933856	3.04	0.00011172	random	128x128	4
478	0.000426	36.419453	0.933677	3.05	0.00011142	random	128x128	4
479	0.000411	36.253771	0.932934	3.04	0.00011112	random	128x128	4
480	0.000440	36.254809	0.933908	3.17	0.00011082	random	128x128	4
481	0.000441	36.544499	0.933850	2.96	0.00011052	random	128x128	4
482	0.000420	36.071541	0.934581	2.99	0.00011023	random	128x128	4
483	0.000424	36.282307	0.933482	2.95	0.00010993	random	128x128	4
484	0.000411	36.574987	0.934590	2.95	0.00010963	random	128x128	4
485	0.000382	36.413952	0.934162	3.02	0.00010933	random	128x128	4
486	0.000429	36.556372	0.933856	2.95	0.00010903	random	128x128	4
487	0.000436	36.509121	0.933651	2.92	0.00010873	random	128x128	4
488	0.000426	36.487888	0.934913	2.96	0.00010843	random	128x128	4
489	0.000428	36.397041	0.933153	3.00	0.00010814	random	128x128	4
490	0.000432	36.476143	0.934555	3.01	0.00010784	random	128x128	4
491	0.000423	36.399944	0.933666	3.00	0.00010754	random	128x128	4
492	0.000407	36.631077	0.934638	3.06	0.00010724	random	128x128	4
493	0.000392	36.464723	0.934520	3.00	0.00010694	random	128x128	4
494	0.000420	36.591155	0.934184	3.10	0.00010664	random	128x128	4
495	0.000403	36.536152	0.934910	3.08	0.00010634	random	128x128	4
496	0.000413	36.575990	0.934562	3.00	0.00010605	random	128x128	4
497	0.000417	36.358710	0.934621	2.99	0.00010575	random	128x128	4
498	0.000435	36.537667	0.935161	3.05	0.00010545	random	128x128	4
499	0.000424	35.853013	0.933165	3.09	0.00010515	random	128x128	4
500	0.000422	36.457787	0.935726	3.14	0.00010485	random	128x128	4
501	0.000420	36.483678	0.934925	3.01	0.00010455	random	128x128	4
502	0.000443	36.503354	0.934947	2.99	0.00010425	random	128x128	4
503	0.000408	36.704407	0.935339	3.04	0.00010395	random	128x128	4
504	0.000421	36.664423	0.935326	3.04	0.00010366	random	128x128	4
505	0.000417	36.630150	0.935576	3.01	0.00010336	random	128x128	4
506	0.000390	36.385972	0.934916	3.02	0.00010306	random	128x128	4
507	0.000403	36.597179	0.934847	3.01	0.00010276	random	128x128	4
508	0.000408	36.704929	0.935846	3.02	0.00010246	random	128x128	4
509	0.000382	36.431774	0.934169	2.98	0.00010216	random	128x128	4
510	0.000395	36.556398	0.934245	2.99	0.00010186	random	128x128	4
511	0.000423	36.541648	0.935209	2.95	0.00010157	random	128x128	4
512	0.000432	36.534923	0.934384	2.99	0.00010127	random	128x128	4
513	0.000424	36.672429	0.935481	2.96	0.00010097	random	128x128	4
514	0.000416	36.619713	0.933771	3.02	0.00010067	random	128x128	4
515	0.000394	36.570752	0.935756	3.02	0.00010037	random	128x128	4
516	0.000421	36.680472	0.934825	3.04	0.00010007	random	128x128	4
517	0.000428	36.547296	0.934499	3.00	0.00009977	random	128x128	4
518	0.000419	36.724436	0.935553	2.98	0.00009948	random	128x128	4
519	0.000407	36.671869	0.936295	3.01	0.00009918	random	128x128	4
520	0.000405	36.525276	0.934837	3.20	0.00009888	random	128x128	4
521	0.000438	36.572266	0.934690	2.99	0.00009858	random	128x128	4
522	0.000391	36.537933	0.935358	3.05	0.00009828	random	128x128	4
523	0.000415	36.428337	0.935616	3.03	0.00009799	random	128x128	4
524	0.000415	36.472622	0.935674	3.02	0.00009769	random	128x128	4
525	0.000423	36.590545	0.935377	3.03	0.00009739	random	128x128	4
526	0.000388	36.196527	0.935088	3.03	0.00009709	random	128x128	4
527	0.000417	36.684479	0.935792	3.06	0.00009679	random	128x128	4
528	0.000430	36.259356	0.932943	3.04	0.00009650	random	128x128	4
529	0.000426	36.317234	0.935797	3.01	0.00009620	random	128x128	4
530	0.000397	36.555722	0.935072	3.03	0.00009590	random	128x128	4
531	0.000419	36.640905	0.935831	3.04	0.00009560	random	128x128	4
532	0.000409	36.677652	0.935616	3.01	0.00009531	random	128x128	4
533	0.000414	36.514561	0.935146	3.04	0.00009501	random	128x128	4
534	0.000440	36.579731	0.935175	2.99	0.00009471	random	128x128	4
535	0.000418	36.699625	0.935253	3.00	0.00009442	random	128x128	4
536	0.000408	36.711696	0.935970	3.02	0.00009412	random	128x128	4
537	0.000431	36.627256	0.935524	3.07	0.00009382	random	128x128	4
538	0.000402	36.601569	0.936559	3.00	0.00009353	random	128x128	4
539	0.000401	36.573210	0.936145	3.08	0.00009323	random	128x128	4
540	0.000416	36.725085	0.936049	3.08	0.00009293	random	128x128	4
541	0.000418	36.493868	0.934944	3.02	0.00009264	random	128x128	4
542	0.000405	36.753884	0.936202	3.07	0.00009234	random	128x128	4
543	0.000385	36.727063	0.935631	3.04	0.00009204	random	128x128	4
544	0.000395	36.740408	0.936335	3.06	0.00009175	random	128x128	4
545	0.000412	36.820997	0.936296	3.08	0.00009145	random	128x128	4
546	0.000405	36.713132	0.936074	3.02	0.00009116	random	128x128	4
547	0.000388	36.778738	0.936568	3.32	0.00009086	random	128x128	4
548	0.000393	36.774991	0.935871	3.33	0.00009057	random	128x128	4
549	0.000385	36.709190	0.936681	2.96	0.00009027	random	128x128	4
550	0.000409	36.546424	0.936108	3.06	0.00008998	random	128x128	4
551	0.000416	36.483302	0.936355	2.93	0.00008968	random	128x128	4
552	0.000387	36.868523	0.936293	2.94	0.00008939	random	128x128	4
553	0.000377	36.700034	0.936239	2.93	0.00008909	random	128x128	4
554	0.000385	36.826441	0.936748	2.86	0.00008880	random	128x128	4
555	0.000381	36.878705	0.936755	3.04	0.00008850	random	128x128	4
556	0.000401	36.790661	0.936595	2.94	0.00008821	random	128x128	4
557	0.000402	36.697185	0.935652	2.95	0.00008792	random	128x128	4
558	0.000422	36.608806	0.936337	2.97	0.00008762	random	128x128	4
559	0.000397	36.923275	0.936879	2.94	0.00008733	random	128x128	4
560	0.000401	36.799473	0.936441	3.16	0.00008703	random	128x128	4
561	0.000400	36.877688	0.936126	2.96	0.00008674	random	128x128	4
562	0.000406	36.832742	0.936612	2.99	0.00008645	random	128x128	4
563	0.000399	36.756015	0.936910	2.99	0.00008616	random	128x128	4
564	0.000422	36.778341	0.936747	3.06	0.00008586	random	128x128	4
565	0.000423	36.712873	0.936138	2.91	0.00008557	random	128x128	4
566	0.000410	36.768460	0.936588	2.94	0.00008528	random	128x128	4
567	0.000394	36.732453	0.936356	2.90	0.00008499	random	128x128	4
568	0.000377	36.896091	0.937212	2.93	0.00008469	random	128x128	4
569	0.000399	36.854905	0.937599	2.90	0.00008440	random	128x128	4
570	0.000396	36.537639	0.936364	2.92	0.00008411	random	128x128	4
571	0.000432	36.676845	0.936517	3.01	0.00008382	random	128x128	4
572	0.000402	36.664124	0.935679	3.00	0.00008353	random	128x128	4
573	0.000397	36.708664	0.936889	3.00	0.00008324	random	128x128	4
574	0.000408	36.750665	0.937577	2.89	0.00008295	random	128x128	4
575	0.000425	36.772572	0.937010	2.99	0.00008266	random	128x128	4
576	0.000394	36.798084	0.937186	2.93	0.00008237	random	128x128	4
577	0.000413	36.739517	0.936367	2.93	0.00008208	random	128x128	4
578	0.000409	36.952228	0.937624	2.91	0.00008179	random	128x128	4
579	0.000353	36.824556	0.937275	2.90	0.00008150	random	128x128	4
580	0.000398	36.864482	0.937497	2.93	0.00008121	random	128x128	4
581	0.000390	36.718922	0.937318	2.89	0.00008092	random	128x128	4
582	0.000380	36.865341	0.937939	2.90	0.00008063	random	128x128	4
583	0.000427	36.815687	0.937237	3.02	0.00008034	random	128x128	4
584	0.000407	36.471495	0.935939	3.12	0.00008005	random	128x128	4
585	0.000385	36.788485	0.937162	3.05	0.00007976	random	128x128	4
586	0.000404	36.936067	0.937316	3.02	0.00007948	random	128x128	4
587	0.000416	36.630063	0.937925	3.01	0.00007919	random	128x128	4
588	0.000405	36.896719	0.937740	3.01	0.00007890	random	128x128	4
589	0.000385	36.747507	0.937898	3.01	0.00007861	random	128x128	4
590	0.000397	36.907289	0.937567	3.05	0.00007833	random	128x128	4
591	0.000374	36.993047	0.937591	3.03	0.00007804	random	128x128	4
592	0.000406	36.841275	0.936681	3.06	0.00007775	random	128x128	4
593	0.000414	36.932477	0.937414	3.03	0.00007747	random	128x128	4
594	0.000362	36.871295	0.937849	3.06	0.00007718	random	128x128	4
595	0.000401	37.031218	0.937843	2.97	0.00007690	random	128x128	4
596	0.000395	37.003791	0.937491	3.06	0.00007661	random	128x128	4
597	0.000401	37.031358	0.937669	3.01	0.00007633	random	128x128	4
598	0.000372	36.610646	0.937160	3.03	0.00007604	random	128x128	4
599	0.000401	36.834815	0.937406	3.05	0.00007576	random	128x128	4
600	0.000418	36.921607	0.937647	3.31	0.00007547	random	128x128	4
601	0.000389	37.007232	0.938578	2.97	0.00007519	random	128x128	4
602	0.000386	36.960175	0.938250	2.98	0.00007491	random	128x128	4
603	0.000395	36.974824	0.937385	3.05	0.00007462	random	128x128	4
604	0.000400	36.969003	0.938171	2.97	0.00007434	random	128x128	4
605	0.000393	36.841279	0.938137	3.09	0.00007406	random	128x128	4
606	0.000398	36.976810	0.938370	2.99	0.00007377	random	128x128	4
607	0.000383	37.008967	0.938279	3.09	0.00007349	random	128x128	4
608	0.000388	37.002204	0.938408	3.03	0.00007321	random	128x128	4
609	0.000390	36.884578	0.938272	3.00	0.00007293	random	128x128	4
610	0.000365	37.027013	0.938156	3.04	0.00007265	random	128x128	4
611	0.000394	37.030102	0.938333	3.04	0.00007237	random	128x128	4
612	0.000382	36.869338	0.937970	3.05	0.00007209	random	128x128	4
613	0.000396	36.996349	0.938189	3.00	0.00007181	random	128x128	4
614	0.000374	37.058150	0.937995	3.03	0.00007153	random	128x128	4
615	0.000395	36.831145	0.937685	3.02	0.00007125	random	128x128	4
616	0.000389	37.010250	0.938861	3.05	0.00007097	random	128x128	4
617	0.000396	36.821370	0.938169	3.02	0.00007069	random	128x128	4
618	0.000381	37.033518	0.938733	3.00	0.00007041	random	128x128	4
619	0.000403	36.938908	0.938615	3.13	0.00007013	random	128x128	4
620	0.000370	36.953428	0.938028	3.00	0.00006986	random	128x128	4
621	0.000379	36.973610	0.938547	3.07	0.00006958	random	128x128	4
622	0.000372	37.053498	0.938449	3.05	0.00006930	random	128x128	4
623	0.000396	37.024589	0.937793	3.03	0.00006902	random	128x128	4
624	0.000390	37.076758	0.938834	3.08	0.00006875	random	128x128	4
625	0.000389	37.043227	0.938293	3.00	0.00006847	random	128x128	4
626	0.000397	36.945149	0.938729	3.05	0.00006820	random	128x128	4
627	0.000386	36.880753	0.938444	3.00	0.00006792	random	128x128	4
628	0.000383	37.008951	0.938669	3.02	0.00006765	random	128x128	4
629	0.000393	37.039878	0.938432	3.03	0.00006737	random	128x128	4
630	0.000417	36.856958	0.938493	3.02	0.00006710	random	128x128	4
631	0.000392	37.089339	0.939070	3.01	0.00006682	random	128x128	4
632	0.000374	37.102653	0.938983	2.95	0.00006655	random	128x128	4
633	0.000380	37.105039	0.938437	2.96	0.00006628	random	128x128	4
634	0.000398	37.077765	0.938685	3.06	0.00006601	random	128x128	4
635	0.000384	37.115530	0.939389	2.99	0.00006573	random	128x128	4
636	0.000392	36.955013	0.938874	2.98	0.00006546	random	128x128	4
637	0.000402	37.042723	0.938574	3.07	0.00006519	random	128x128	4
638	0.000378	37.106522	0.939051	2.96	0.00006492	random	128x128	4
639	0.000384	37.110940	0.938379	3.16	0.00006465	random	128x128	4
640	0.000376	37.039412	0.937957	2.98	0.00006438	random	128x128	4
641	0.000411	37.012573	0.938957	2.95	0.00006411	random	128x128	4
642	0.000386	36.818785	0.938651	3.00	0.00006384	random	128x128	4
643	0.000396	37.010104	0.939911	3.01	0.00006357	random	128x128	4
644	0.000400	36.918670	0.939451	2.97	0.00006330	random	128x128	4
645	0.000394	37.109350	0.939362	2.97	0.00006303	random	128x128	4
646	0.000378	37.134295	0.939344	2.94	0.00006277	random	128x128	4
647	0.000381	37.174363	0.939134	3.02	0.00006250	random	128x128	4
648	0.000391	37.099317	0.939318	2.96	0.00006223	random	128x128	4
649	0.000398	37.025317	0.938659	3.00	0.00006196	random	128x128	4
650	0.000399	37.180738	0.939519	3.05	0.00006170	random	128x128	4
651	0.000392	37.152739	0.939462	3.02	0.00006143	random	128x128	4
652	0.000376	37.032791	0.938976	3.10	0.00006117	random	128x128	4
653	0.000381	37.053546	0.938886	2.99	0.00006090	random	128x128	4
654	0.000403	37.096224	0.939439	2.98	0.00006064	random	128x128	4
655	0.000369	37.110507	0.939307	2.92	0.00006037	random	128x128	4
656	0.000398	37.149696	0.939104	3.01	0.00006011	random	128x128	4
657	0.000382	37.122166	0.939450	3.01	0.00005985	random	128x128	4
658	0.000404	37.131714	0.939321	2.96	0.00005958	random	128x128	4
659	0.000420	37.133675	0.938740	2.93	0.00005932	random	128x128	4
660	0.000388	37.096772	0.938881	2.98	0.00005906	random	128x128	4
661	0.000370	36.943842	0.939500	2.98	0.00005880	random	128x128	4
662	0.000415	37.121502	0.939622	2.94	0.00005854	random	128x128	4
663	0.000353	37.108965	0.939435	2.93	0.00005828	random	128x128	4
664	0.000373	37.095175	0.939877	3.00	0.00005802	random	128x128	4
665	0.000384	37.179600	0.940237	2.96	0.00005776	random	128x128	4
666	0.000380	37.225699	0.940251	2.91	0.00005750	random	128x128	4
667	0.000382	37.160760	0.939828	2.94	0.00005724	random	128x128	4
668	0.000379	37.208331	0.940548	3.04	0.00005698	random	128x128	4
669	0.000374	37.209690	0.940046	3.00	0.00005673	random	128x128	4
670	0.000392	37.209744	0.940075	2.93	0.00005647	random	128x128	4
671	0.000376	37.158242	0.939803	2.91	0.00005621	random	128x128	4
672	0.000377	37.139726	0.940289	2.96	0.00005596	random	128x128	4
673	0.000376	37.219310	0.939878	2.95	0.00005570	random	128x128	4
674	0.000397	37.249374	0.940493	2.94	0.00005545	random	128x128	4
675	0.000386	37.160527	0.940364	2.99	0.00005519	random	128x128	4
676	0.000338	37.244304	0.941133	3.04	0.00005494	random	128x128	4
677	0.000377	36.979235	0.939270	2.97	0.00005468	random	128x128	4
678	0.000395	37.128128	0.940639	2.76	0.00005443	random	128x128	4
679	0.000373	37.139358	0.940833	2.72	0.00005418	random	128x128	4
680	0.000372	37.162181	0.941094	2.99	0.00005393	random	128x128	4
681	0.000374	37.264678	0.940649	2.89	0.00005367	random	128x128	4
682	0.000362	37.169815	0.940140	2.91	0.00005342	random	128x128	4
683	0.000356	37.217935	0.940969	2.87	0.00005317	random	128x128	4
684	0.000359	37.111818	0.940737	2.78	0.00005292	random	128x128	4
685	0.000388	37.166813	0.940278	2.75	0.00005267	random	128x128	4
686	0.000373	37.073998	0.940806	2.75	0.00005242	random	128x128	4
687	0.000380	37.239496	0.940845	2.96	0.00005217	random	128x128	4
688	0.000362	37.142910	0.940702	2.94	0.00005193	random	128x128	4
689	0.000363	37.217158	0.940423	2.94	0.00005168	random	128x128	4
690	0.000399	37.282746	0.941155	2.95	0.00005143	random	128x128	4
691	0.000365	36.907388	0.941095	2.91	0.00005119	random	128x128	4
692	0.000376	37.224921	0.941280	2.93	0.00005094	random	128x128	4
693	0.000338	37.269449	0.941003	2.99	0.00005069	random	128x128	4
694	0.000388	37.328894	0.941677	2.95	0.00005045	random	128x128	4
695	0.000382	37.290803	0.941079	2.93	0.00005020	random	128x128	4
696	0.000382	37.228955	0.941252	3.00	0.00004996	random	128x128	4
697	0.000372	37.308758	0.941296	2.72	0.00004972	random	128x128	4
698	0.000403	37.299704	0.941468	2.81	0.00004948	random	128x128	4
699	0.000399	37.300822	0.941707	2.89	0.00004923	random	128x128	4
700	0.000386	37.313930	0.941574	2.94	0.00004899	random	128x128	4
701	0.000381	37.125717	0.941727	2.78	0.00004875	random	128x128	4
702	0.000362	37.306561	0.941386	2.89	0.00004851	random	128x128	4
703	0.000384	37.316591	0.941795	2.75	0.00004827	random	128x128	4
704	0.000383	37.282996	0.942080	2.74	0.00004803	random	128x128	4
705	0.000394	37.276023	0.941569	2.75	0.00004779	random	128x128	4
706	0.000374	37.318256	0.941697	2.75	0.00004755	random	128x128	4
707	0.000356	37.374666	0.942215	2.76	0.00004732	random	128x128	4
708	0.000363	37.095932	0.941603	2.98	0.00004708	random	128x128	4
709	0.000355	37.322622	0.941749	2.98	0.00004684	random	128x128	4
710	0.000388	37.290316	0.941470	3.04	0.00004661	random	128x128	4
711	0.000389	37.331114	0.941663	3.05	0.00004637	random	128x128	4
712	0.000352	37.270897	0.941718	3.06	0.00004614	random	128x128	4
713	0.000361	37.343208	0.941970	3.05	0.00004590	random	128x128	4
714	0.000347	37.355662	0.942298	2.98	0.00004567	random	128x128	4
715	0.000348	37.346294	0.942283	2.98	0.00004544	random	128x128	4
716	0.000357	37.267669	0.941938	2.95	0.00004520	random	128x128	4
717	0.000356	37.348520	0.941800	3.00	0.00004497	random	128x128	4
718	0.000345	37.293637	0.942067	3.01	0.00004474	random	128x128	4
719	0.000364	37.128409	0.942062	2.96	0.00004451	random	128x128	4
720	0.000356	37.287223	0.942217	3.23	0.00004428	random	128x128	4
721	0.000350	37.291833	0.941018	2.96	0.00004405	random	128x128	4
722	0.000391	37.259980	0.940712	2.94	0.00004382	random	128x128	4
723	0.000366	37.358569	0.941702	2.92	0.00004359	random	128x128	4
724	0.000346	37.243618	0.942000	3.02	0.00004336	random	128x128	4
725	0.000375	37.267512	0.941547	3.01	0.00004314	random	128x128	4
726	0.000379	37.342181	0.941934	3.02	0.00004291	random	128x128	4
727	0.000375	37.372823	0.942557	3.08	0.00004269	random	128x128	4
728	0.000353	37.254183	0.941905	3.04	0.00004246	random	128x128	4
729	0.000372	37.422326	0.942647	3.03	0.00004224	random	128x128	4
730	0.000380	37.370862	0.942967	3.00	0.00004201	random	128x128	4
731	0.000353	37.418139	0.941966	3.00	0.00004179	random	128x128	4
732	0.000355	37.418958	0.942384	3.04	0.00004157	random	128x128	4
733	0.000349	37.291807	0.942475	3.01	0.00004134	random	128x128	4
734	0.000375	37.427035	0.942634	3.01	0.00004112	random	128x128	4
735	0.000371	37.315250	0.942514	3.03	0.00004090	random	128x128	4
736	0.000374	37.356311	0.941592	3.00	0.00004068	random	128x128	4
737	0.000371	37.355411	0.942186	2.93	0.00004046	random	128x128	4
738	0.000353	37.456917	0.942265	3.00	0.00004024	random	128x128	4
739	0.000372	37.472160	0.942839	3.01	0.00004002	random	128x128	4
740	0.000376	37.408416	0.942837	2.99	0.00003981	random	128x128	4
741	0.000369	37.352446	0.942616	3.00	0.00003959	random	128x128	4
742	0.000351	37.402055	0.941686	3.00	0.00003937	random	128x128	4
743	0.000355	37.444748	0.942813	2.92	0.00003916	random	128x128	4
744	0.000336	37.383089	0.942525	2.97	0.00003894	random	128x128	4
745	0.000368	37.393889	0.942462	2.99	0.00003873	random	128x128	4
746	0.000353	37.436838	0.942854	3.01	0.00003851	random	128x128	4
747	0.000368	37.407695	0.942568	2.97	0.00003830	random	128x128	4
748	0.000374	37.407880	0.943007	3.00	0.00003809	random	128x128	4
749	0.000342	37.327738	0.942840	2.97	0.00003788	random	128x128	4
750	0.000370	37.403730	0.942550	3.16	0.00003767	random	128x128	4
751	0.000364	37.367112	0.942783	3.06	0.00003746	random	128x128	4
752	0.000346	37.424803	0.942517	3.09	0.00003725	random	128x128	4
753	0.000351	37.510384	0.943471	3.06	0.00003704	random	128x128	4
754	0.000367	37.393564	0.942591	3.10	0.00003683	random	128x128	4
755	0.000367	37.277625	0.942524	3.09	0.00003662	random	128x128	4
756	0.000364	37.464097	0.942964	2.99	0.00003641	random	128x128	4
757	0.000370	37.329682	0.942601	3.06	0.00003621	random	128x128	4
758	0.000368	37.405015	0.942537	3.05	0.00003600	random	128x128	4
759	0.000342	37.447567	0.942259	3.21	0.00003580	random	128x128	4
760	0.000338	37.491231	0.942957	3.04	0.00003559	random	128x128	4
761	0.000370	37.411522	0.942438	3.02	0.00003539	random	128x128	4
762	0.000351	37.491793	0.942847	3.02	0.00003519	random	128x128	4
763	0.000348	37.425612	0.942668	3.01	0.00003498	random	128x128	4
764	0.000358	37.469837	0.943035	3.05	0.00003478	random	128x128	4
765	0.000365	37.450524	0.942916	3.01	0.00003458	random	128x128	4
766	0.000336	37.478753	0.942963	3.07	0.00003438	random	128x128	4
767	0.000365	37.407698	0.943251	3.02	0.00003418	random	128x128	4
768	0.000362	37.460246	0.942975	3.00	0.00003398	random	128x128	4
769	0.000372	37.468061	0.942941	3.02	0.00003378	random	128x128	4
770	0.000367	37.463960	0.942930	2.96	0.00003359	random	128x128	4
771	0.000366	37.428892	0.942843	2.99	0.00003339	random	128x128	4
772	0.000361	37.469893	0.942971	2.97	0.00003319	random	128x128	4
773	0.000324	37.449389	0.942899	2.98	0.00003300	random	128x128	4
774	0.000373	37.447184	0.942716	2.98	0.00003281	random	128x128	4
775	0.000368	37.382826	0.942990	3.01	0.00003261	random	128x128	4
776	0.000358	37.454129	0.942568	2.99	0.00003242	random	128x128	4
777	0.000357	37.438260	0.942823	3.03	0.00003223	random	128x128	4
778	0.000367	37.467164	0.943301	3.12	0.00003203	random	128x128	4
779	0.000353	37.475768	0.943245	2.98	0.00003184	random	128x128	4
780	0.000349	37.477877	0.943107	2.99	0.00003165	random	128x128	4
781	0.000352	37.498743	0.943458	3.01	0.00003146	random	128x128	4
782	0.000346	37.474568	0.943177	3.03	0.00003127	random	128x128	4
783	0.000355	37.465392	0.943519	2.97	0.00003109	random	128x128	4
784	0.000348	37.514744	0.943499	3.08	0.00003090	random	128x128	4
785	0.000380	37.424466	0.942673	3.01	0.00003071	random	128x128	4
786	0.000360	37.507968	0.943253	3.01	0.00003053	random	128x128	4
787	0.000350	37.531057	0.943239	2.94	0.00003034	random	128x128	4
788	0.000351	37.465679	0.943223	3.12	0.00003016	random	128x128	4
789	0.000351	37.494568	0.943531	3.02	0.00002997	random	128x128	4
790	0.000341	37.504964	0.943599	3.03	0.00002979	random	128x128	4
791	0.000343	37.452461	0.942843	3.10	0.00002961	random	128x128	4
792	0.000368	37.421177	0.943227	3.05	0.00002943	random	128x128	4
793	0.000358	37.504443	0.942736	3.06	0.00002925	random	128x128	4
794	0.000333	37.499055	0.943176	2.99	0.00002907	random	128x128	4
795	0.000332	37.511853	0.943223	3.04	0.00002889	random	128x128	4
796	0.000348	37.495813	0.943112	3.04	0.00002871	random	128x128	4
797	0.000346	37.399387	0.943708	3.01	0.00002853	random	128x128	4
798	0.000365	37.531987	0.943533	3.02	0.00002835	random	128x128	4
799	0.000340	37.545402	0.943600	3.24	0.00002818	random	128x128	4
800	0.000324	37.550141	0.943883	3.18	0.00002800	random	128x128	4
801	0.000327	37.538052	0.943379	3.08	0.00002783	random	128x128	4
802	0.000347	37.512219	0.943448	3.06	0.00002765	random	128x128	4
803	0.000344	37.462957	0.943587	3.01	0.00002748	random	128x128	4
804	0.000365	37.398877	0.943381	3.00	0.00002731	random	128x128	4
805	0.000369	37.476371	0.943319	3.04	0.00002714	random	128x128	4
806	0.000358	37.526509	0.943567	3.08	0.00002697	random	128x128	4
807	0.000340	37.438527	0.942369	3.00	0.00002680	random	128x128	4
808	0.000341	37.471575	0.943370	3.00	0.00002663	random	128x128	4
809	0.000322	37.566281	0.943559	3.03	0.00002646	random	128x128	4
810	0.000354	37.516237	0.943449	3.14	0.00002629	random	128x128	4
811	0.000374	37.514597	0.943706	3.06	0.00002612	random	128x128	4
812	0.000346	37.572819	0.943643	3.01	0.00002596	random	128x128	4
813	0.000339	37.542691	0.943382	3.15	0.00002579	random	128x128	4
814	0.000342	37.554849	0.943711	3.14	0.00002563	random	128x128	4
815	0.000350	37.479336	0.943437	3.07	0.00002546	random	128x128	4
816	0.000330	37.524742	0.943308	3.01	0.00002530	random	128x128	4
817	0.000356	37.526275	0.943602	3.07	0.00002514	random	128x128	4
818	0.000367	37.530085	0.943678	3.05	0.00002498	random	128x128	4
819	0.000347	37.538966	0.943769	3.08	0.00002482	random	128x128	4
820	0.000334	37.520950	0.943836	3.03	0.00002466	random	128x128	4
821	0.000339	37.523624	0.943910	3.12	0.00002450	random	128x128	4
822	0.000344	37.507729	0.943582	3.08	0.00002434	random	128x128	4
823	0.000342	37.570038	0.943615	3.08	0.00002418	random	128x128	4
824	0.000368	37.517975	0.943565	3.06	0.00002403	random	128x128	4
825	0.000353	37.509333	0.943865	3.06	0.00002387	random	128x128	4
826	0.000321	37.514346	0.943857	3.01	0.00002372	random	128x128	4
827	0.000337	37.500912	0.943637	3.03	0.00002356	random	128x128	4
828	0.000358	37.575401	0.943320	3.03	0.00002341	random	128x128	4
829	0.000353	37.558096	0.943588	2.98	0.00002326	random	128x128	4
830	0.000343	37.543555	0.944114	2.97	0.00002310	random	128x128	4
831	0.000352	37.565647	0.943656	3.07	0.00002295	random	128x128	4
832	0.000350	37.571060	0.943486	2.99	0.00002280	random	128x128	4
833	0.000353	37.566142	0.943626	2.93	0.00002265	random	128x128	4
834	0.000360	37.603174	0.944045	2.93	0.00002250	random	128x128	4
835	0.000339	37.589701	0.943849	2.98	0.00002236	random	128x128	4
836	0.000342	37.544986	0.943778	2.97	0.00002221	random	128x128	4
837	0.000381	37.522075	0.943620	2.98	0.00002206	random	128x128	4
838	0.000330	37.549440	0.943946	2.99	0.00002192	random	128x128	4
839	0.000331	37.565384	0.944017	3.17	0.00002177	random	128x128	4
840	0.000322	37.592289	0.943721	2.96	0.00002163	random	128x128	4
841	0.000345	37.607141	0.944129	2.92	0.00002149	random	128x128	4
842	0.000350	37.534641	0.943933	2.93	0.00002135	random	128x128	4
843	0.000343	37.447542	0.943721	3.05	0.00002120	random	128x128	4
844	0.000352	37.532029	0.943843	3.04	0.00002106	random	128x128	4
845	0.000349	37.596569	0.943946	2.99	0.00002092	random	128x128	4
846	0.000360	37.565704	0.943970	3.06	0.00002079	random	128x128	4
847	0.000365	37.599367	0.944262	2.99	0.00002065	random	128x128	4
848	0.000337	37.581221	0.944085	2.97	0.00002051	random	128x128	4
849	0.000360	37.522590	0.943908	3.02	0.00002037	random	128x128	4
850	0.000331	37.573665	0.944197	3.18	0.00002024	random	128x128	4
851	0.000349	37.576820	0.944064	3.04	0.00002010	random	128x128	4
852	0.000338	37.514678	0.944158	3.04	0.00001997	random	128x128	4
853	0.000347	37.612456	0.944154	3.02	0.00001984	random	128x128	4
854	0.000341	37.578899	0.944671	2.98	0.00001971	random	128x128	4
855	0.000335	37.592552	0.944456	3.01	0.00001958	random	128x128	4
856	0.000342	37.612570	0.944538	3.08	0.00001945	random	128x128	4
857	0.000349	37.576470	0.943948	3.07	0.00001932	random	128x128	4
858	0.000355	37.586833	0.944311	3.03	0.00001919	random	128x128	4
859	0.000358	37.604080	0.944338	3.01	0.00001906	random	128x128	4
860	0.000355	37.573821	0.943824	3.00	0.00001893	random	128x128	4
861	0.000337	37.575921	0.944139	3.01	0.00001881	random	128x128	4
862	0.000335	37.622934	0.944231	2.98	0.00001868	random	128x128	4
863	0.000355	37.620839	0.944249	2.93	0.00001856	random	128x128	4
864	0.000357	37.627125	0.944070	3.01	0.00001843	random	128x128	4
865	0.000323	37.601574	0.943868	2.93	0.00001831	random	128x128	4
866	0.000314	37.613236	0.943854	3.02	0.00001819	random	128x128	4
867	0.000333	37.595805	0.943854	2.97	0.00001807	random	128x128	4
868	0.000331	37.599997	0.944230	3.00	0.00001795	random	128x128	4
869	0.000334	37.618953	0.944252	3.00	0.00001783	random	128x128	4
870	0.000323	37.628095	0.944209	3.05	0.00001771	random	128x128	4
871	0.000356	37.632050	0.944222	2.95	0.00001759	random	128x128	4
872	0.000347	37.615461	0.944485	3.01	0.00001748	random	128x128	4
873	0.000344	37.608329	0.943934	2.99	0.00001736	random	128x128	4
874	0.000340	37.593844	0.944251	2.97	0.00001725	random	128x128	4
875	0.000358	37.594303	0.944533	3.00	0.00001713	random	128x128	4
876	0.000338	37.601529	0.944161	2.94	0.00001702	random	128x128	4
877	0.000348	37.643331	0.944297	3.01	0.00001691	random	128x128	4
878	0.000309	37.596017	0.944561	3.03	0.00001679	random	128x128	4
879	0.000342	37.635110	0.944004	3.21	0.00001668	random	128x128	4
880	0.000343	37.631942	0.944468	2.96	0.00001657	random	128x128	4
881	0.000333	37.573069	0.944226	3.01	0.00001647	random	128x128	4
882	0.000344	37.616441	0.944217	3.02	0.00001636	random	128x128	4
883	0.000333	37.603585	0.944518	2.98	0.00001625	random	128x128	4
884	0.000354	37.645025	0.944616	2.97	0.00001614	random	128x128	4
885	0.000313	37.639262	0.944197	3.03	0.00001604	random	128x128	4
886	0.000332	37.605775	0.944440	3.00	0.00001594	random	128x128	4
887	0.000340	37.645496	0.944508	2.96	0.00001583	random	128x128	4
888	0.000340	37.651137	0.944272	3.03	0.00001573	random	128x128	4
889	0.000318	37.667330	0.944417	2.96	0.00001563	random	128x128	4
890	0.000322	37.636144	0.944461	2.95	0.00001553	random	128x128	4
891	0.000345	37.623799	0.944436	2.97	0.00001543	random	128x128	4
892	0.000328	37.655872	0.944824	2.95	0.00001533	random	128x128	4
893	0.000335	37.639320	0.944545	2.96	0.00001523	random	128x128	4
894	0.000316	37.625888	0.944538	2.95	0.00001513	random	128x128	4
895	0.000352	37.612239	0.944176	2.94	0.00001504	random	128x128	4
896	0.000340	37.642550	0.944560	2.95	0.00001494	random	128x128	4
897	0.000346	37.570358	0.944578	3.02	0.00001485	random	128x128	4
898	0.000343	37.659101	0.944627	3.00	0.00001475	random	128x128	4
899	0.000326	37.632094	0.944634	3.03	0.00001466	random	128x128	4
900	0.000310	37.664578	0.944228	3.12	0.00001457	random	128x128	4
901	0.000343	37.632781	0.944141	3.00	0.00001448	random	128x128	4
902	0.000323	37.665593	0.944552	3.01	0.00001439	random	128x128	4
903	0.000323	37.615587	0.944317	3.04	0.00001430	random	128x128	4
904	0.000341	37.660881	0.944759	2.96	0.00001421	random	128x128	4
905	0.000350	37.612384	0.944292	3.11	0.00001412	random	128x128	4
906	0.000355	37.648937	0.943913	2.98	0.00001403	random	128x128	4
907	0.000313	37.667741	0.944353	2.96	0.00001395	random	128x128	4
908	0.000328	37.633059	0.944680	2.97	0.00001386	random	128x128	4
909	0.000353	37.658488	0.944359	2.99	0.00001378	random	128x128	4
910	0.000325	37.610941	0.944662	2.98	0.00001370	random	128x128	4
911	0.000316	37.672517	0.944793	2.95	0.00001361	random	128x128	4
912	0.000334	37.660509	0.944588	3.00	0.00001353	random	128x128	4
913	0.000337	37.625840	0.944674	3.07	0.00001345	random	128x128	4
914	0.000338	37.665800	0.944690	3.03	0.00001337	random	128x128	4
915	0.000332	37.647786	0.944455	3.00	0.00001330	random	128x128	4
916	0.000328	37.638624	0.944301	2.98	0.00001322	random	128x128	4
917	0.000324	37.663250	0.944752	3.00	0.00001314	random	128x128	4
918	0.000307	37.667889	0.944561	3.23	0.00001307	random	128x128	4
919	0.000306	37.703063	0.944951	3.02	0.00001299	random	128x128	4
920	0.000333	37.651466	0.944610	3.05	0.00001292	random	128x128	4
921	0.000333	37.680988	0.944979	3.03	0.00001284	random	128x128	4
922	0.000311	37.666599	0.944909	3.01	0.00001277	random	128x128	4
923	0.000326	37.666206	0.944717	2.99	0.00001270	random	128x128	4
924	0.000347	37.665400	0.944479	3.04	0.00001263	random	128x128	4
925	0.000333	37.676315	0.944615	3.04	0.00001256	random	128x128	4
926	0.000328	37.679712	0.944976	3.02	0.00001249	random	128x128	4
927	0.000334	37.673362	0.944773	3.05	0.00001242	random	128x128	4
928	0.000322	37.684419	0.944627	3.05	0.00001236	random	128x128	4
929	0.000325	37.655223	0.944668	3.04	0.00001229	random	128x128	4
930	0.000341	37.686850	0.945063	2.97	0.00001223	random	128x128	4
931	0.000337	37.639858	0.945096	3.02	0.00001216	random	128x128	4
932	0.000323	37.691208	0.944734	3.03	0.00001210	random	128x128	4
933	0.000334	37.666869	0.944902	3.04	0.00001204	random	128x128	4
934	0.000325	37.670991	0.945019	3.08	0.00001198	random	128x128	4
935	0.000337	37.693731	0.944874	3.09	0.00001192	random	128x128	4
936	0.000338	37.676870	0.944983	3.00	0.00001186	random	128x128	4
937	0.000323	37.658948	0.944889	3.01	0.00001180	random	128x128	4
938	0.000318	37.675820	0.944953	2.99	0.00001174	random	128x128	4
939	0.000351	37.645369	0.944949	2.98	0.00001169	random	128x128	4
940	0.000336	37.667494	0.944669	2.99	0.00001163	random	128x128	4
941	0.000343	37.678554	0.944746	2.99	0.00001158	random	128x128	4
942	0.000340	37.687155	0.944822	2.95	0.00001152	random	128x128	4
943	0.000330	37.679754	0.944668	3.02	0.00001147	random	128x128	4
944	0.000331	37.682106	0.944591	2.99	0.00001142	random	128x128	4
945	0.000308	37.683641	0.944776	3.03	0.00001137	random	128x128	4
946	0.000346	37.650905	0.944844	3.02	0.00001132	random	128x128	4
947	0.000303	37.677402	0.944640	2.96	0.00001127	random	128x128	4
948	0.000327	37.709809	0.944849	3.00	0.00001122	random	128x128	4
949	0.000322	37.694134	0.945125	3.04	0.00001117	random	128x128	4
950	0.000305	37.684450	0.945004	3.05	0.00001113	random	128x128	4
951	0.000334	37.688785	0.944885	3.00	0.00001108	random	128x128	4
952	0.000325	37.684954	0.944943	2.98	0.00001104	random	128x128	4
953	0.000324	37.686876	0.944728	2.93	0.00001099	random	128x128	4
954	0.000337	37.660612	0.944712	2.93	0.00001095	random	128x128	4
955	0.000337	37.689103	0.944870	3.04	0.00001091	random	128x128	4
956	0.000325	37.681185	0.944985	3.00	0.00001087	random	128x128	4
957	0.000334	37.687577	0.944796	2.96	0.00001083	random	128x128	4
958	0.000334	37.701806	0.944972	3.17	0.00001079	random	128x128	4
959	0.000337	37.712438	0.944995	3.01	0.00001075	random	128x128	4
960	0.000324	37.694645	0.944700	3.06	0.00001071	random	128x128	4
961	0.000324	37.709376	0.944821	3.07	0.00001068	random	128x128	4
962	0.000335	37.691417	0.944860	3.04	0.00001064	random	128x128	4
963	0.000314	37.676430	0.945203	3.08	0.00001061	random	128x128	4
964	0.000337	37.696372	0.944997	3.11	0.00001057	random	128x128	4
965	0.000332	37.673732	0.945017	3.02	0.00001054	random	128x128	4
966	0.000334	37.696795	0.944860	3.09	0.00001051	random	128x128	4
967	0.000335	37.702225	0.944912	2.99	0.00001048	random	128x128	4
968	0.000340	37.683596	0.944922	3.10	0.00001045	random	128x128	4
969	0.000332	37.698376	0.944971	3.01	0.00001042	random	128x128	4
970	0.000327	37.723128	0.945144	3.03	0.00001039	random	128x128	4
971	0.000337	37.685783	0.944996	3.00	0.00001037	random	128x128	4
972	0.000321	37.722203	0.945292	3.08	0.00001034	random	128x128	4
973	0.000325	37.705300	0.944921	3.09	0.00001032	random	128x128	4
974	0.000323	37.689089	0.945017	3.07	0.00001029	random	128x128	4
975	0.000329	37.689398	0.944962	3.07	0.00001027	random	128x128	4
976	0.000317	37.710750	0.945199	3.05	0.00001025	random	128x128	4
977	0.000343	37.682024	0.944967	3.01	0.00001023	random	128x128	4
978	0.000325	37.701177	0.944961	3.03	0.00001021	random	128x128	4
979	0.000334	37.690816	0.945026	2.99	0.00001019	random	128x128	4
980	0.000330	37.717041	0.945340	3.03	0.00001017	random	128x128	4
981	0.000342	37.722914	0.945280	3.06	0.00001015	random	128x128	4
982	0.000319	37.720400	0.945325	3.03	0.00001014	random	128x128	4
983	0.000333	37.710892	0.945244	2.98	0.00001012	random	128x128	4
984	0.000319	37.673610	0.944911	3.08	0.00001011	random	128x128	4
985	0.000325	37.680877	0.944849	3.04	0.00001009	random	128x128	4
986	0.000328	37.707204	0.945179	3.04	0.00001008	random	128x128	4
987	0.000336	37.709639	0.944975	3.02	0.00001007	random	128x128	4
988	0.000337	37.698380	0.945355	3.05	0.00001006	random	128x128	4
989	0.000325	37.698984	0.945234	3.00	0.00001005	random	128x128	4
990	0.000343	37.723721	0.945290	3.02	0.00001004	random	128x128	4
991	0.000319	37.711230	0.945104	3.01	0.00001003	random	128x128	4
992	0.000320	37.716839	0.945043	2.99	0.00001002	random	128x128	4
993	0.000346	37.722629	0.945194	3.01	0.00001002	random	128x128	4
994	0.000316	37.711349	0.944986	3.04	0.00001001	random	128x128	4
995	0.000334	37.725402	0.945303	3.02	0.00001001	random	128x128	4
996	0.000329	37.693586	0.944929	3.00	0.00001000	random	128x128	4
997	0.000324	37.722587	0.945186	2.98	0.00001000	random	128x128	4
998	0.000324	37.709128	0.945102	3.21	0.00001000	random	128x128	4
999	0.000336	37.708942	0.945245	3.03	0.00001000	random	128x128	4
